# z	 a	 Omega_ede	 w_ede
1.000000e-02	 9.900990e-01	 6.937021e-01	 -9.974207e-01
1.149757e-02	 9.886331e-01	 6.927593e-01	 -9.970639e-01
1.321941e-02	 9.869531e-01	 6.916755e-01	 -9.966590e-01
1.519911e-02	 9.850284e-01	 6.904296e-01	 -9.961990e-01
1.747528e-02	 9.828249e-01	 6.889975e-01	 -9.956784e-01
2.009233e-02	 9.803034e-01	 6.873512e-01	 -9.950896e-01
2.310130e-02	 9.774203e-01	 6.854590e-01	 -9.944258e-01
2.656088e-02	 9.741263e-01	 6.832842e-01	 -9.936799e-01
3.053856e-02	 9.703664e-01	 6.807849e-01	 -9.928438e-01
3.511192e-02	 9.660791e-01	 6.779130e-01	 -9.919100e-01
4.037017e-02	 9.611963e-01	 6.746134e-01	 -9.908710e-01
4.641589e-02	 9.556430e-01	 6.708230e-01	 -9.897204e-01
5.336699e-02	 9.493368e-01	 6.664699e-01	 -9.884525e-01
6.135907e-02	 9.421882e-01	 6.614722e-01	 -9.870630e-01
7.054802e-02	 9.341010e-01	 6.557366e-01	 -9.855482e-01
8.111308e-02	 9.249726e-01	 6.491574e-01	 -9.839081e-01
9.326033e-02	 9.146952e-01	 6.416157e-01	 -9.821438e-01
1.072267e-01	 9.031574e-01	 6.329780e-01	 -9.802579e-01
1.232847e-01	 8.902463e-01	 6.230958e-01	 -9.782557e-01
1.417474e-01	 8.758505e-01	 6.118063e-01	 -9.761415e-01
1.629751e-01	 8.598636e-01	 5.989330e-01	 -9.739191e-01
1.873817e-01	 8.421891e-01	 5.842889e-01	 -9.715866e-01
2.154435e-01	 8.227450e-01	 5.676819e-01	 -9.691337e-01
2.477076e-01	 8.014698e-01	 5.489235e-01	 -9.665371e-01
2.848036e-01	 7.783291e-01	 5.278416e-01	 -9.637507e-01
3.274549e-01	 7.533213e-01	 5.042992e-01	 -9.607010e-01
3.764936e-01	 7.264836e-01	 4.782182e-01	 -9.572738e-01
4.328761e-01	 6.978970e-01	 4.496092e-01	 -9.533072e-01
4.977024e-01	 6.676894e-01	 4.186039e-01	 -9.485757e-01
5.722368e-01	 6.360365e-01	 3.854867e-01	 -9.427780e-01
6.579332e-01	 6.031606e-01	 3.507163e-01	 -9.355201e-01
7.564633e-01	 5.693259e-01	 3.149305e-01	 -9.262951e-01
8.697490e-01	 5.348311e-01	 2.789230e-01	 -9.144634e-01
1.000000e+00	 5.000000e-01	 2.435887e-01	 -8.992286e-01
1.149757e+00	 4.651689e-01	 2.098412e-01	 -8.796215e-01
1.321941e+00	 4.306741e-01	 1.785153e-01	 -8.545009e-01
1.519911e+00	 3.968394e-01	 1.502755e-01	 -8.225957e-01
1.747528e+00	 3.639635e-01	 1.255518e-01	 -7.826177e-01
2.009233e+00	 3.323106e-01	 1.045159e-01	 -7.334816e-01
2.310130e+00	 3.021030e-01	 8.709922e-02	 -6.746510e-01
2.656088e+00	 2.735164e-01	 7.304233e-02	 -6.065633e-01
3.053856e+00	 2.466787e-01	 6.196050e-02	 -5.309995e-01
3.511192e+00	 2.216709e-01	 5.340835e-02	 -4.511698e-01
4.037017e+00	 1.985302e-01	 4.693356e-02	 -3.713253e-01
4.641589e+00	 1.772550e-01	 4.211439e-02	 -2.959197e-01
5.336699e+00	 1.578109e-01	 3.858123e-02	 -2.286355e-01
6.135907e+00	 1.401364e-01	 3.602517e-02	 -1.717005e-01
7.054802e+00	 1.241495e-01	 3.419751e-02	 -1.257399e-01
8.111308e+00	 1.097537e-01	 3.290408e-02	 -9.009184e-02
9.326033e+00	 9.684261e-02	 3.199694e-02	 -6.332854e-02
1.072267e+01	 8.530478e-02	 3.136576e-02	 -4.374310e-02
1.232847e+01	 7.502738e-02	 3.092964e-02	 -2.968385e-02
1.417474e+01	 6.589898e-02	 3.063013e-02	 -1.972701e-02
1.629751e+01	 5.781179e-02	 3.042553e-02	 -1.273122e-02
1.873817e+01	 5.066325e-02	 3.028644e-02	 -7.826004e-03
2.154435e+01	 4.435702e-02	 3.019226e-02	 -4.368993e-03
2.477076e+01	 3.880366e-02	 3.012872e-02	 -1.896853e-03
2.848036e+01	 3.392089e-02	 3.008599e-02	 -8.112419e-05
3.274549e+01	 2.963359e-02	 3.005733e-02	 1.309398e-03
3.764936e+01	 2.587365e-02	 3.003816e-02	 2.436831e-03
4.328761e+01	 2.257968e-02	 3.002536e-02	 3.415289e-03
4.977024e+01	 1.969658e-02	 3.001684e-02	 4.326000e-03
5.722368e+01	 1.717514e-02	 3.001116e-02	 5.228590e-03
6.579332e+01	 1.497156e-02	 3.000739e-02	 6.168259e-03
7.564633e+01	 1.304694e-02	 3.000489e-02	 7.180510e-03
8.697490e+01	 1.136688e-02	 3.000324e-02	 8.296196e-03
1.000000e+02	 9.900990e-03	 3.000214e-02	 9.542743e-03
1.149757e+02	 8.622496e-03	 3.000141e-02	 1.094659e-02
1.321941e+02	 7.507839e-03	 3.000093e-02	 1.253393e-02
1.519911e+02	 6.536328e-03	 3.000062e-02	 1.433206e-02
1.747528e+02	 5.689808e-03	 3.000041e-02	 1.636972e-02
2.009233e+02	 4.952375e-03	 3.000027e-02	 1.867731e-02
2.310130e+02	 4.310104e-03	 3.000018e-02	 2.128738e-02
2.656088e+02	 3.750814e-03	 3.000012e-02	 2.423358e-02
3.053856e+02	 3.263861e-03	 3.000008e-02	 2.755215e-02
3.511192e+02	 2.839948e-03	 3.000005e-02	 3.128013e-02
4.037017e+02	 2.470956e-03	 3.000003e-02	 3.545506e-02
4.641589e+02	 2.149803e-03	 3.000002e-02	 4.011494e-02
5.336699e+02	 1.870313e-03	 3.000001e-02	 4.529516e-02
6.135907e+02	 1.627099e-03	 3.000001e-02	 5.102945e-02
7.054802e+02	 1.415468e-03	 3.000001e-02	 5.734663e-02
8.111308e+02	 1.231329e-03	 3.000000e-02	 6.426905e-02
9.326033e+02	 1.071119e-03	 3.000000e-02	 7.181101e-02
1.072267e+03	 9.317344e-04	 3.000000e-02	 7.997638e-02
1.232847e+03	 8.104734e-04	 3.000000e-02	 8.875612e-02
1.417474e+03	 7.049829e-04	 3.000000e-02	 9.812748e-02
1.629751e+03	 6.132145e-04	 3.000000e-02	 1.080522e-01
1.873817e+03	 5.333853e-04	 3.000000e-02	 1.184760e-01
2.154435e+03	 4.639435e-04	 3.000000e-02	 1.293289e-01
2.477076e+03	 4.035388e-04	 3.000000e-02	 1.405265e-01
2.848036e+03	 3.509959e-04	 3.000000e-02	 1.519720e-01
3.274549e+03	 3.052923e-04	 3.000000e-02	 1.635595e-01
3.764936e+03	 2.655382e-04	 3.000000e-02	 1.751777e-01
4.328761e+03	 2.309596e-04	 3.000000e-02	 1.867139e-01
4.977024e+03	 2.008829e-04	 3.000000e-02	 1.980588e-01
5.722368e+03	 1.747223e-04	 3.000000e-02	 2.091102e-01
6.579332e+03	 1.519680e-04	 3.000000e-02	 2.197767e-01
7.564633e+03	 1.321766e-04	 3.000000e-02	 2.299801e-01
8.697490e+03	 1.149625e-04	 3.000000e-02	 2.396577e-01
1.000000e+04	 9.999000e-05	 3.000000e-02	 2.487625e-01
