# Matter power spectrum P(k) at redshift z=0
# for k=1.04887e-05 to 4.87874 h/Mpc,
# number of wavenumbers equal to 551
#    1:k (h/Mpc)              2:P (Mpc/h)^3        
       1.048874936985e-05       4.877334565424e+01 
       2.374807388421e-05       1.074058422390e+02 
       3.705604256594e-05       1.650745472592e+02 
       5.045059906607e-05       2.223884119057e+02 
       6.397034462015e-05       2.796988697484e+02 
       7.765490267824e-05       3.372738811374e+02 
       9.154529575727e-05       3.953457810331e+02 
       1.056843398057e-04       4.541316066014e+02 
       1.201170614084e-04       5.138431343961e+02 
       1.348911431953e-04       5.746934071586e+02 
       1.500574028089e-04       6.369011767558e+02 
       1.656703106847e-04       7.006945385746e+02 
       1.817885516231e-04       7.663138437084e+02 
       1.984756345833e-04       8.340146953734e+02 
       2.158005541692e-04       9.040703118538e+02 
       2.338385057161e-04       9.767741043861e+02 
       2.526716534827e-04       1.052441768320e+03 
       2.723899478920e-04       1.131413402287e+03 
       2.930919826595e-04       1.214055074328e+03 
       3.148858755348e-04       1.300759896700e+03 
       3.378901467392e-04       1.391948307142e+03 
       3.622345564919e-04       1.488067352043e+03 
       3.880608468290e-04       1.589588601833e+03 
       4.155233130748e-04       1.697004746267e+03 
       4.447891071669e-04       1.810823037874e+03 
       4.760381498487e-04       1.931557881638e+03 
       5.094625042050e-04       2.059719713294e+03 
       5.452650437447e-04       2.195802042021e+03 
       5.836572411676e-04       2.340265358791e+03 
       6.248559182797e-04       2.493520197322e+03 
       6.690788436686e-04       2.655908812564e+03 
       7.165391520274e-04       2.827687124852e+03 
       7.674386915401e-04       3.009008340148e+03 
       8.219605773110e-04       3.199909018311e+03 
       8.802614183015e-04       3.400298776907e+03 
       9.424638554153e-04       3.609954499032e+03 
       1.008650151410e-03       3.828518352577e+03 
       1.078857564000e-03       4.055501580283e+03 
       1.153076087430e-03       4.290292465937e+03 
       1.231248876603e-03       4.532170993795e+03 
       1.313275322526e-03       4.780327964794e+03 
       1.399016405564e-03       5.033889339585e+03 
       1.488301690852e-03       5.291893912238e+03 
       1.580937199171e-03       5.553461385370e+03 
       1.676713396888e-03       5.817686790024e+03 
       1.775412672660e-03       6.083699173993e+03 
       1.876815857493e-03       6.350679919332e+03 
       1.980707547191e-03       6.617874783337e+03 
       2.086880163575e-03       6.884599850087e+03 
       2.195136822280e-03       7.150244298721e+03 
       2.305293156188e-03       7.414269327456e+03 
       2.417178281045e-03       7.676205873918e+03 
       2.530635094957e-03       7.935649374521e+03 
       2.645520088213e-03       8.192254513698e+03 
       2.761702814170e-03       8.445729613172e+03 
       2.879065142793e-03       8.695831191118e+03 
       2.997500390511e-03       8.942357591882e+03 
       3.116912395387e-03       9.185144748073e+03 
       3.237214586389e-03       9.424060681361e+03 
       3.358329079547e-03       9.659001356024e+03 
       3.480185821696e-03       9.889886972932e+03 
       3.602721793660e-03       1.011665872320e+04 
       3.725880278440e-03       1.033927614653e+04 
       3.849610195673e-03       1.055771324273e+04 
       3.973865500812e-03       1.077195816278e+04 
       4.098604645725e-03       1.098200994726e+04 
       4.223790096426e-03       1.118787733618e+04 
       4.349387903172e-03       1.138957739466e+04 
       4.475367318073e-03       1.158713447926e+04 
       4.601700455430e-03       1.178057903801e+04 
       4.728361990314e-03       1.196994405731e+04 
       4.855328891182e-03       1.215527123551e+04 
       4.982580182706e-03       1.233660219572e+04 
       5.110096735357e-03       1.251398077448e+04 
       5.237861078626e-03       1.268745433839e+04 
       5.365857235142e-03       1.285706957361e+04 
       5.494070573197e-03       1.302287574591e+04 
       5.622487675542e-03       1.318492536617e+04 
       5.751096222522e-03       1.334326764389e+04 
       5.879884887864e-03       1.349795571539e+04 
       6.008843245650e-03       1.364904506340e+04 
       6.137961687166e-03       1.379659397838e+04 
       6.267231346485e-03       1.394064835052e+04 
       6.396644033782e-03       1.408125957009e+04 
       6.526192175499e-03       1.421865929219e+04 
       6.655868760592e-03       1.435243378227e+04 
       6.785667292166e-03       1.448299784379e+04 
       6.915581743917e-03       1.461032977710e+04 
       7.045606520838e-03       1.473447822513e+04 
       7.175736423733e-03       1.485550435061e+04 
       7.305966617131e-03       1.497342957521e+04 
       7.436292600231e-03       1.508831716988e+04 
       7.566710180562e-03       1.520021232815e+04 
       7.697215450079e-03       1.530916059874e+04 
       7.827804763436e-03       1.541519906255e+04 
       7.958474718222e-03       1.551837347213e+04 
       8.089222136952e-03       1.561874816716e+04 
       8.220044050656e-03       1.571632712411e+04 
       8.350937683882e-03       1.581122150161e+04 
       8.481900441002e-03       1.590343110204e+04 
       8.612929893680e-03       1.599300429406e+04 
       8.744023769391e-03       1.607997838113e+04 
       8.875179940900e-03       1.616439542128e+04 
       9.006396416609e-03       1.624629483661e+04 
       9.137671331683e-03       1.632571524290e+04 
       9.269002939904e-03       1.640269436508e+04 
       9.400389606159e-03       1.647726828435e+04 
       9.531829799539e-03       1.654947556948e+04 
       9.663322086965e-03       1.661935571160e+04 
       9.794865127312e-03       1.668693998150e+04 
       9.926457665990e-03       1.675226381776e+04 
       1.005809852993e-02       1.681536188500e+04 
       1.018978662295e-02       1.687626972258e+04 
       1.032152092148e-02       1.693501279346e+04 
       1.045330047057e-02       1.699163134922e+04 
       1.058512438024e-02       1.704615699910e+04 
       1.071699182207e-02       1.709861792165e+04 
       1.084890202604e-02       1.714905352278e+04 
       1.098085427758e-02       1.719748432768e+04 
       1.111284791488e-02       1.724393733418e+04 
       1.124488232637e-02       1.728845660223e+04 
       1.137695694834e-02       1.733105956492e+04 
       1.150907126277e-02       1.737178461177e+04 
       1.164122479535e-02       1.741064109020e+04 
       1.177341711355e-02       1.744767589281e+04 
       1.190564782487e-02       1.748290722499e+04 
       1.203791657525e-02       1.751636853056e+04 
       1.217022304754e-02       1.754807120878e+04 
       1.230256696008e-02       1.757805617644e+04 
       1.243494806542e-02       1.760634315312e+04 
       1.256736614908e-02       1.763295876070e+04 
       1.269982102846e-02       1.765792493909e+04 
       1.283231255174e-02       1.768126649380e+04 
       1.296484059698e-02       1.770301640067e+04 
       1.309740507116e-02       1.772319421753e+04 
       1.323000590935e-02       1.774181696288e+04 
       1.336264307400e-02       1.775890751644e+04 
       1.349531655415e-02       1.777449707386e+04 
       1.362802636482e-02       1.778861105939e+04 
       1.376077254638e-02       1.780124775683e+04 
       1.389355516401e-02       1.781245403901e+04 
       1.402637430718e-02       1.782224200366e+04 
       1.415923008919e-02       1.783063354144e+04 
       1.429212264674e-02       1.783765413893e+04 
       1.442505213951e-02       1.784331270007e+04 
       1.455801874989e-02       1.784764264027e+04 
       1.469102268257e-02       1.785064980020e+04 
       1.482406416433e-02       1.785236932437e+04 
       1.495714344375e-02       1.785281230587e+04 
       1.509026079103e-02       1.785200080075e+04 
       1.522341649773e-02       1.784995375849e+04 
       1.535661087671e-02       1.784669793270e+04 
       1.548984426190e-02       1.784223288502e+04 
       1.562311700823e-02       1.783658958021e+04 
       1.575642949155e-02       1.782979548329e+04 
       1.588978210858e-02       1.782184536443e+04 
       1.602317527683e-02       1.781277995982e+04 
       1.615660943463e-02       1.780260545509e+04 
       1.629008504109e-02       1.779134081999e+04 
       1.642360257617e-02       1.777900458369e+04 
       1.655716254070e-02       1.776561617675e+04 
       1.669076545648e-02       1.775118201277e+04 
       1.682441186630e-02       1.773573760460e+04 
       1.695810233413e-02       1.771928168089e+04 
       1.709183744516e-02       1.770184149751e+04 
       1.722561780602e-02       1.768342181870e+04 
       1.735944404489e-02       1.766406028853e+04 
       1.749331681167e-02       1.764374350459e+04 
       1.762723677823e-02       1.762250845724e+04 
       1.776120463857e-02       1.760036691582e+04 
       1.789522110907e-02       1.757733338515e+04 
       1.802928692873e-02       1.755341199612e+04 
       1.816340285943e-02       1.752863186348e+04 
       1.829756968625e-02       1.750301160838e+04 
       1.843178821770e-02       1.747656058304e+04 
       1.856605928607e-02       1.744928968564e+04 
       1.870038374778e-02       1.742121645929e+04 
       1.883476248368e-02       1.739232826475e+04 
       1.896919639946e-02       1.736268884693e+04 
       1.910368642599e-02       1.733228841399e+04 
       1.923823351976e-02       1.730114948897e+04 
       1.937283866326e-02       1.726926305356e+04 
       1.950750286543e-02       1.723665362216e+04 
       1.964222716211e-02       1.720334860998e+04 
       1.977701261650e-02       1.716934613743e+04 
       1.991186031966e-02       1.713466780894e+04 
       2.004677139100e-02       1.709932685192e+04 
       2.018174697883e-02       1.706332457654e+04 
       2.031678826085e-02       1.702668762395e+04 
       2.045189644478e-02       1.698942545844e+04 
       2.058707276889e-02       1.695154672659e+04 
       2.072231850261e-02       1.691305292864e+04 
       2.085763494720e-02       1.687398810351e+04 
       2.099302343631e-02       1.683434055133e+04 
       2.112848533671e-02       1.679411877355e+04 
       2.126402204895e-02       1.675334057861e+04 
       2.139963500809e-02       1.671205216419e+04 
       2.153532568438e-02       1.667020531219e+04 
       2.167109558409e-02       1.662785584754e+04 
       2.180694625022e-02       1.658499140064e+04 
       2.194287926336e-02       1.654162803643e+04 
       2.207889624247e-02       1.649776962545e+04 
       2.221499884577e-02       1.645357456829e+04 
       2.235118877162e-02       1.640870636720e+04 
       2.248746775941e-02       1.636345992579e+04 
       2.262383759050e-02       1.631796975281e+04 
       2.276030008924e-02       1.627184956972e+04 
       2.289685712387e-02       1.622527321070e+04 
       2.303351060765e-02       1.617827065468e+04 
       2.317026249986e-02       1.613098443252e+04 
       2.330711480690e-02       1.608333283844e+04 
       2.344406958346e-02       1.603523493201e+04 
       2.358112893362e-02       1.598679794559e+04 
       2.371829501209e-02       1.593809835002e+04 
       2.385557002545e-02       1.588882243196e+04 
       2.399295623341e-02       1.583948091275e+04 
       2.413045595013e-02       1.578951923360e+04 
       2.426807154557e-02       1.573953293168e+04 
       2.440580544693e-02       1.568899141969e+04 
       2.454366014003e-02       1.563836794402e+04 
       2.468163817085e-02       1.558714095435e+04 
       2.481974214706e-02       1.553585198604e+04 
       2.495797473958e-02       1.548424860430e+04 
       2.509633868427e-02       1.543239159685e+04 
       2.523483678357e-02       1.538029503303e+04 
       2.537347190827e-02       1.532795813520e+04 
       2.551224699932e-02       1.527545154439e+04 
       2.565116506967e-02       1.522262143717e+04 
       2.579022920623e-02       1.516947982993e+04 
       2.592944257180e-02       1.511622063336e+04 
       2.606880840719e-02       1.506285422739e+04 
       2.620833003329e-02       1.500905751168e+04 
       2.634801085328e-02       1.495524944687e+04 
       2.648785435491e-02       1.490114202662e+04 
       2.662786411284e-02       1.484702903824e+04 
       2.676804379102e-02       1.479252225365e+04 
       2.690839714528e-02       1.473801565121e+04 
       2.704892802584e-02       1.468331379456e+04 
       2.718964038004e-02       1.462846862582e+04 
       2.733053825514e-02       1.457349220323e+04 
       2.747162580112e-02       1.451838780986e+04 
       2.761290727373e-02       1.446315568136e+04 
       2.775438703754e-02       1.440775667702e+04 
       2.789606956915e-02       1.435229107872e+04 
       2.803795946047e-02       1.429674967910e+04 
       2.818006142221e-02       1.424104954521e+04 
       2.832238028735e-02       1.418527093322e+04 
       2.846492101493e-02       1.412945812632e+04 
       2.860768869379e-02       1.407358113489e+04 
       2.875068854658e-02       1.401755443061e+04 
       2.889392593386e-02       1.396149302985e+04 
       2.903740635839e-02       1.390531717183e+04 
       2.918113546958e-02       1.384913929841e+04 
       2.932511906804e-02       1.379288773540e+04 
       2.946936311045e-02       1.373667740816e+04 
       2.961387371448e-02       1.368032091041e+04 
       2.975865716396e-02       1.362392221599e+04 
       2.990371991430e-02       1.356760862237e+04 
       3.004906859806e-02       1.351116659185e+04 
       3.019471003075e-02       1.345475368782e+04 
       3.034065121694e-02       1.339829166970e+04 
       3.048689935649e-02       1.334186329273e+04 
       3.063346185121e-02       1.328539466487e+04 
       3.078034631162e-02       1.322887854838e+04 
       3.092756056412e-02       1.317246463423e+04 
       3.107511265841e-02       1.311605248673e+04 
       3.122301087527e-02       1.305960706272e+04 
       3.137126373459e-02       1.300317578661e+04 
       3.151988000385e-02       1.294675831448e+04 
       3.166886870695e-02       1.289041454609e+04 
       3.181823913333e-02       1.283409362870e+04 
       3.196800084767e-02       1.277773108949e+04 
       3.211816369987e-02       1.272142813750e+04 
       3.226873783561e-02       1.266517857696e+04 
       3.241973370728e-02       1.260895957831e+04 
       3.257116208552e-02       1.255280701692e+04 
       3.272303407123e-02       1.249674845049e+04 
       3.287536110819e-02       1.244061762864e+04 
       3.302815499626e-02       1.238464536245e+04 
       3.318142790521e-02       1.232869509147e+04 
       3.333519238927e-02       1.227276294349e+04 
       3.348946140231e-02       1.221697954337e+04 
       3.364424831386e-02       1.216125050779e+04 
       3.379956692590e-02       1.210557921124e+04 
       3.395543149048e-02       1.204992433014e+04 
       3.411185672826e-02       1.199445927657e+04 
       3.426885784799e-02       1.193898430590e+04 
       3.442645056706e-02       1.188361921351e+04 
       3.458465113307e-02       1.182830958341e+04 
       3.474347634659e-02       1.177305996526e+04 
       3.490294358510e-02       1.171792878147e+04 
       3.506307082830e-02       1.166282507957e+04 
       3.522387668475e-02       1.160799612989e+04 
       3.538538042005e-02       1.155308697718e+04 
       3.554760198654e-02       1.149827207197e+04 
       3.571056205474e-02       1.144361369748e+04 
       3.587428204659e-02       1.138904133261e+04 
       3.603878417059e-02       1.133454210461e+04 
       3.620409145905e-02       1.127997096708e+04 
       3.637022780754e-02       1.122576583239e+04 
       3.653721801672e-02       1.117155162393e+04 
       3.670508783668e-02       1.111730117025e+04 
       3.687386401410e-02       1.106327738567e+04 
       3.704357434226e-02       1.100934914481e+04 
       3.721424771428e-02       1.095552763186e+04 
       3.738591417974e-02       1.090180233287e+04 
       3.755860500492e-02       1.084811916786e+04 
       3.773235273712e-02       1.079457765602e+04 
       3.790719127309e-02       1.074107911032e+04 
       3.808315593222e-02       1.068773203309e+04 
       3.826028353457e-02       1.063439816028e+04 
       3.843861248445e-02       1.058121111273e+04 
       3.861818285973e-02       1.052818573764e+04 
       3.879903650755e-02       1.047516153621e+04 
       3.898121714690e-02       1.042227112394e+04 
       3.916477047869e-02       1.036939259351e+04 
       3.934974430399e-02       1.031664813345e+04 
       3.953618865107e-02       1.026404566204e+04 
       3.972415591227e-02       1.021150832176e+04 
       3.991370099125e-02       1.015904916469e+04 
       4.010488146198e-02       1.010656409298e+04 
       4.029775774027e-02       1.005426736261e+04 
       4.049239326923e-02       1.000198095668e+04 
       4.068885471996e-02       9.949828368682e+03 
       4.088721220893e-02       9.897665098604e+03 
       4.108753953391e-02       9.845732931489e+03 
       4.128991443006e-02       9.793766494409e+03 
       4.149441884865e-02       9.741867808636e+03 
       4.170113926037e-02       9.689900516360e+03 
       4.191016698637e-02       9.638084001395e+03 
       4.212159855954e-02       9.586419099635e+03 
       4.233553611991e-02       9.534656823903e+03 
       4.255208784761e-02       9.482961106147e+03 
       4.277136843796e-02       9.431358060921e+03 
       4.299349962362e-02       9.379650787544e+03 
       4.321861074934e-02       9.328042585333e+03 
       4.344683940576e-02       9.276409842444e+03 
       4.367833212961e-02       9.224847489779e+03 
       4.391324517871e-02       9.173262691911e+03 
       4.415174539139e-02       9.121633737162e+03 
       4.439401114147e-02       9.070073810570e+03 
       4.464023340160e-02       9.018396555041e+03 
       4.489061692989e-02       8.966798913646e+03 
       4.514538159698e-02       8.915081434669e+03 
       4.540476387367e-02       8.863279996501e+03 
       4.566901850267e-02       8.811442911798e+03 
       4.593842038167e-02       8.759570286373e+03 
       4.621326669039e-02       8.707515055928e+03 
       4.649387929932e-02       8.655417011748e+03 
       4.678060750543e-02       8.603239106600e+03 
       4.707383114817e-02       8.550766768260e+03 
       4.737396416960e-02       8.498318127245e+03 
       4.768145869469e-02       8.445625251839e+03 
       4.799680972338e-02       8.392672354752e+03 
       4.832056054470e-02       8.339569772111e+03 
       4.865330900623e-02       8.286232343480e+03 
       4.899571480135e-02       8.232544149851e+03 
       4.934850797200e-02       8.178662276670e+03 
       4.971249886987e-02       8.124377306135e+03 
       5.008858987452e-02       8.069822658896e+03 
       5.047778923801e-02       8.014745792488e+03 
       5.088122751483e-02       7.959243663919e+03 
       5.130017714898e-02       7.903236246301e+03 
       5.173607593462e-02       7.846629359183e+03 
       5.219055524999e-02       7.789442744148e+03 
       5.266547419866e-02       7.731435904620e+03 
       5.316296108998e-02       7.672632220758e+03 
       5.368546406875e-02       7.612973423667e+03 
       5.423581317856e-02       7.552200996080e+03 
       5.481729673083e-02       7.490256031669e+03 
       5.543375555743e-02       7.426904156144e+03 
       5.608969953121e-02       7.361992517597e+03 
       5.679045156747e-02       7.295140901558e+03 
       5.754232496857e-02       7.226023937407e+03 
       5.835283998403e-02       7.154243181360e+03 
       5.923098387073e-02       7.079221378674e+03 
       6.018751365347e-02       7.000077588074e+03 
       6.123528864064e-02       6.915951517976e+03 
       6.238959430683e-02       6.825470184179e+03 
       6.366837068599e-02       6.726848078644e+03 
       6.509217511870e-02       6.617788300499e+03 
       6.668358659505e-02       6.495115179726e+03 
       6.846562882252e-02       6.355025003138e+03 
       7.045877683021e-02       6.192916905872e+03 
       7.267648127517e-02       6.004129578906e+03 
       7.512015188572e-02       5.784968127390e+03 
       7.777587280397e-02       5.534336847482e+03 
       8.061538716993e-02       5.255167965942e+03 
       8.360177895318e-02       4.954922145815e+03 
       8.669712753665e-02       4.644559057463e+03 
       8.986847517637e-02       4.336674215182e+03 
       9.309041829694e-02       4.043205728042e+03 
       9.634495510404e-02       3.773810513345e+03 
       9.962003231091e-02       3.535111787638e+03 
       1.029078726220e-01       3.330376486835e+03 
       1.062035744436e-01       3.159857331593e+03 
       1.095040935805e-01       3.021124538672e+03 
       1.128075563806e-01       2.909924236228e+03 
       1.161128159246e-01       2.820647692762e+03 
       1.194191724090e-01       2.746849420610e+03 
       1.227261996080e-01       2.682236532565e+03 
       1.260336381401e-01       2.620644846631e+03 
       1.293413301781e-01       2.556906650039e+03 
       1.326491796413e-01       2.487253794292e+03 
       1.359571279713e-01       2.409508328831e+03 
       1.392651394088e-01       2.323132482463e+03 
       1.425731920497e-01       2.229121859755e+03 
       1.458812724144e-01       2.129714646361e+03 
       1.491893721506e-01       2.027817131017e+03 
       1.524974860311e-01       1.926827360510e+03 
       1.558056107372e-01       1.829805720277e+03 
       1.591137441201e-01       1.739432874924e+03 
       1.624218847512e-01       1.657702502756e+03 
       1.657300316484e-01       1.585884379061e+03 
       1.690381841093e-01       1.524275450122e+03 
       1.723463416089e-01       1.472511603892e+03 
       1.756545037374e-01       1.429536692484e+03 
       1.789626701612e-01       1.393787375521e+03 
       1.822708405988e-01       1.363501558601e+03 
       1.855790148062e-01       1.336833674877e+03 
       1.888871925666e-01       1.311872563269e+03 
       1.921953736850e-01       1.287147623094e+03 
       1.955035579832e-01       1.260969093676e+03 
       1.988117452973e-01       1.232366914097e+03 
       2.021199354759e-01       1.200860663646e+03 
       2.054281283779e-01       1.166489055765e+03 
       2.087363238721e-01       1.129742114734e+03 
       2.120445218357e-01       1.091469204874e+03 
       2.153527221537e-01       1.052652729063e+03 
       2.186609247182e-01       1.014334285405e+03 
       2.219691294280e-01       9.774658477002e+02 
       2.252773361877e-01       9.427864949980e+02 
       2.285855449077e-01       9.108456347611e+02 
       2.318937555034e-01       8.819629042139e+02 
       2.352019678953e-01       8.562588719749e+02 
       2.385101820079e-01       8.336611330278e+02 
       2.418183977702e-01       8.138857145874e+02 
       2.451266151149e-01       7.964741650388e+02 
       2.484348339785e-01       7.809896278677e+02 
       2.517430543005e-01       7.667120598211e+02 
       2.550512760240e-01       7.530840766693e+02 
       2.583594990948e-01       7.395602483455e+02 
       2.616677234613e-01       7.257337683255e+02 
       2.649759490748e-01       7.113016067383e+02 
       2.682841758889e-01       6.961518500306e+02 
       2.715924038595e-01       6.802853896228e+02 
       2.749006329444e-01       6.637411569827e+02 
       2.782088631038e-01       6.467879189241e+02 
       2.815170942996e-01       6.296308308663e+02 
       2.848253264953e-01       6.125856244977e+02 
       2.881335596565e-01       5.959633427552e+02 
       2.914417937500e-01       5.800394316477e+02 
       2.947500287442e-01       5.650411625217e+02 
       2.980582646090e-01       5.511074699393e+02 
       3.013665013156e-01       5.382966147017e+02 
       3.046747388364e-01       5.265666565481e+02 
       3.079829771450e-01       5.158265557157e+02 
       3.112912162162e-01       5.059279599081e+02 
       3.145994560258e-01       4.967201542689e+02 
       3.179076965506e-01       4.880231006491e+02 
       3.212159377684e-01       4.796632731606e+02 
       3.245241796579e-01       4.714826339057e+02 
       3.278324221986e-01       4.633275072801e+02 
       3.311406653710e-01       4.551101004711e+02 
       3.344489091563e-01       4.467464590699e+02 
       3.377571535362e-01       4.382183941706e+02 
       3.410653984935e-01       4.295510437232e+02 
       3.443736440114e-01       4.207942232752e+02 
       3.476818900739e-01       4.120503389195e+02 
       3.509901366654e-01       4.033913883337e+02 
       3.542983837711e-01       3.949069491847e+02 
       3.576066313766e-01       3.866747037826e+02 
       3.609148794681e-01       3.787385840690e+02 
       3.642231280324e-01       3.711741147818e+02 
       3.675313770566e-01       3.639891511908e+02 
       3.708396265283e-01       3.571965998651e+02 
       3.741478764357e-01       3.507913480362e+02 
       3.774561267672e-01       3.447363355051e+02 
       3.807643775116e-01       3.389773452555e+02 
       3.840726286584e-01       3.334521364887e+02 
       3.873808801971e-01       3.280999377834e+02 
       3.906891321178e-01       3.228638318871e+02 
       3.939973844108e-01       3.177061579514e+02 
       3.973056370666e-01       3.125914309926e+02 
       4.006138900765e-01       3.075031324297e+02 
       4.039221434315e-01       3.024374228331e+02 
       4.072303971232e-01       2.973806751696e+02 
       4.105386511435e-01       2.923443548406e+02 
       4.138469054845e-01       2.873412288285e+02 
       4.171551601384e-01       2.823918344842e+02 
       4.204634150979e-01       2.775249707139e+02 
       4.237716703559e-01       2.727645375273e+02 
       4.270799259052e-01       2.681313756808e+02 
       4.303881817393e-01       2.636443211143e+02 
       4.336964378515e-01       2.593107455513e+02 
       4.370046942355e-01       2.551220584863e+02 
       4.403129508851e-01       2.510766266531e+02 
       4.436212077945e-01       2.471717070203e+02 
       4.469294649577e-01       2.433907878524e+02 
       4.502377223693e-01       2.397280746609e+02 
       4.535459800236e-01       2.361793557048e+02 
       4.568542379156e-01       2.327217365002e+02 
       4.601624960399e-01       2.293435142096e+02 
       4.634707543916e-01       2.260186530718e+02 
       4.667790129659e-01       2.227390049144e+02 
       4.700872717580e-01       2.194957932745e+02 
       4.733955307633e-01       2.162871665961e+02 
       4.767037899775e-01       2.131144124500e+02 
       4.800120493961e-01       2.099795327561e+02 
       4.833203090150e-01       2.068874820247e+02 
       4.866285688300e-01       2.038404519772e+02 
       4.899368288372e-01       2.008421731565e+02 
       4.932450890327e-01       1.978984085918e+02 
       4.965533494127e-01       1.950154069870e+02 
       4.998616099735e-01       1.921979378787e+02 
       5.031698707116e-01       1.894536227881e+02 
       5.064781316235e-01       1.867845978741e+02 
       5.097863927057e-01       1.841901134530e+02 
       5.130946539550e-01       1.816642858283e+02 
       5.164029153682e-01       1.792022016332e+02 
       5.197111769421e-01       1.767950093639e+02 
       5.230194386736e-01       1.744388648480e+02 
       5.263277005598e-01       1.721271636792e+02 
       5.296359625978e-01       1.698583817425e+02 
       5.329442247847e-01       1.676288889583e+02 
       5.362524871178e-01       1.654336806804e+02 
       5.395607495943e-01       1.632698680589e+02 
       5.428690122117e-01       1.611343227464e+02 
       5.461772749673e-01       1.590259086241e+02 
       5.494855378587e-01       1.569459205271e+02 
       5.527938008835e-01       1.548967405210e+02 
       5.561020640391e-01       1.528822306145e+02 
       5.594103273234e-01       1.509039987877e+02 
       5.627185907340e-01       1.489641963484e+02 
       5.660268542687e-01       1.470618160403e+02 
       5.693351179254e-01       1.451958214768e+02 
       5.957956309236e-01       1.315150871140e+02 
       6.254191280084e-01       1.182436220483e+02 
       6.592384732275e-01       1.052355707909e+02 
       6.988809356876e-01       9.243500177902e+01 
       7.470841732467e-01       7.961519970636e+01 
       8.088359129414e-01       6.655595275910e+01 
       8.940574216788e-01       5.298075524924e+01 
       1.023558363878e+00       3.879989625573e+01 
       1.233624392949e+00       2.508588457154e+01 
       1.543089036098e+00       1.474159746153e+01 
       1.942262748113e+00       8.458515726972e+00 
       2.445161011763e+00       4.811226517788e+00 
       3.078275329844e+00       2.716197333590e+00 
       3.875319037239e+00       1.523035912364e+00 
       4.878737614790e+00       8.487227909944e-01 
