# dimensionless [l(l+1)/2pi] C_l's for tensor mode
# for l=2 to 500, i.e. number of multipoles equal to 499
#
# -> if you prefer output in CAMB/HealPix/LensPix units/order, set 'format' to 'camb' in input file
# -> if you don't want to see such a header, set 'headers' to 'no' in input file
# -> for CMB lensing (phi), these are C_l^phi-phi for the lensing potential.
#    Remember the conversion factors:
#    C_l^dd (deflection) = l(l+1) C_l^phi-phi
#    C_l^gg (shear/convergence) = 1/4 (l(l+1))^2 C_l^phi-phi
#
# 1:l     2:TT                     3:EE                     4:TE                     5:BB                     6:phiphi                 7:TPhi                   8:Ephi               
    2       1.455608867599e-10       1.997207104102e-15       1.811906116812e-13       3.677305409803e-15       0.000000000000e+00       0.000000000000e+00       0.000000000000e+00 
    3       1.095765082134e-10       1.951369365724e-15       1.998087637101e-14       3.535490814111e-15       0.000000000000e+00       0.000000000000e+00       0.000000000000e+00 
    4       9.800163992903e-11       1.673603323927e-15      -2.634337996177e-14       2.939512469733e-15       0.000000000000e+00       0.000000000000e+00       0.000000000000e+00 
    5       9.334451781229e-11       1.251659788327e-15      -3.740829691117e-14       2.202753088409e-15       0.000000000000e+00       0.000000000000e+00       0.000000000000e+00 
    6       9.068015087537e-11       8.574358059862e-16      -3.738510752793e-14       1.537653761028e-15       0.000000000000e+00       0.000000000000e+00       0.000000000000e+00 
    7       8.903331154124e-11       5.870697765741e-16      -3.469688048123e-14       1.043351280488e-15       0.000000000000e+00       0.000000000000e+00       0.000000000000e+00 
    8       8.792941283578e-11       4.582058921410e-16      -3.265397190947e-14       7.361209118554e-16       0.000000000000e+00       0.000000000000e+00       0.000000000000e+00 
    9       8.712625511170e-11       4.423426038352e-16      -3.223385117857e-14       5.880017000444e-16       0.000000000000e+00       0.000000000000e+00       0.000000000000e+00 
   10       8.649151291246e-11       4.984212913089e-16      -3.345558929675e-14       5.555387799778e-16       0.000000000000e+00       0.000000000000e+00       0.000000000000e+00 
   11       8.594823151850e-11       5.920983970986e-16      -3.603101442595e-14       5.978684907853e-16       0.000000000000e+00       0.000000000000e+00       0.000000000000e+00 
   12       8.545011303862e-11       7.028345003148e-16      -3.964950607101e-14       6.836639875940e-16       0.000000000000e+00       0.000000000000e+00       0.000000000000e+00 
   13       8.496924978427e-11       8.216360210954e-16      -4.407021929177e-14       7.926415370625e-16       0.000000000000e+00       0.000000000000e+00       0.000000000000e+00 
   14       8.448912359763e-11       9.457727662156e-16      -4.913183612408e-14       9.139883388399e-16       0.000000000000e+00       0.000000000000e+00       0.000000000000e+00 
   15       8.400018343777e-11       1.075971158669e-15      -5.473618016006e-14       1.042022253676e-15       0.000000000000e+00       0.000000000000e+00       0.000000000000e+00 
   16       8.349720620580e-11       1.211984890427e-15      -6.083147661836e-14       1.175643534381e-15       0.000000000000e+00       0.000000000000e+00       0.000000000000e+00 
   17       8.297765362182e-11       1.354731250982e-15      -6.739058992133e-14       1.313586047684e-15       0.000000000000e+00       0.000000000000e+00       0.000000000000e+00 
   18       8.243455932129e-11       1.503444018398e-15      -7.438656316479e-14       1.456283507087e-15       0.000000000000e+00       0.000000000000e+00       0.000000000000e+00 
   19       8.188584337892e-11       1.657676475370e-15      -8.180227730341e-14       1.603692882791e-15       0.000000000000e+00       0.000000000000e+00       0.000000000000e+00 
   20       8.131246565461e-11       1.817335400667e-15      -8.961331187391e-14       1.755497750140e-15       0.000000000000e+00       0.000000000000e+00       0.000000000000e+00 
   21       8.072505164161e-11       1.982261196074e-15      -9.779543492643e-14       1.911537786605e-15       0.000000000000e+00       0.000000000000e+00       0.000000000000e+00 
   22       8.011805318800e-11       2.152330634683e-15      -1.063186698159e-13       2.071746167224e-15       0.000000000000e+00       0.000000000000e+00       0.000000000000e+00 
   23       7.949959574628e-11       2.327562357299e-15      -1.151582390687e-13       2.235974061749e-15       0.000000000000e+00       0.000000000000e+00       0.000000000000e+00 
   24       7.886385688612e-11       2.508044957933e-15      -1.242868348167e-13       2.404044278443e-15       0.000000000000e+00       0.000000000000e+00       0.000000000000e+00 
   25       7.821415448502e-11       2.693738356241e-15      -1.336759791584e-13       2.575644276271e-15       0.000000000000e+00       0.000000000000e+00       0.000000000000e+00 
   26       7.754520217575e-11       2.884553318667e-15      -1.432952720436e-13       2.750430063851e-15       0.000000000000e+00       0.000000000000e+00       0.000000000000e+00 
   27       7.686742169614e-11       3.080302245596e-15      -1.531216227163e-13       2.928148007259e-15       0.000000000000e+00       0.000000000000e+00       0.000000000000e+00 
   28       7.618192464922e-11       3.280749772050e-15      -1.631328530412e-13       3.108587959426e-15       0.000000000000e+00       0.000000000000e+00       0.000000000000e+00 
   29       7.547750080963e-11       3.485628572533e-15      -1.733053882692e-13       3.291547494264e-15       0.000000000000e+00       0.000000000000e+00       0.000000000000e+00 
   30       7.476069370678e-11       3.694622510557e-15      -1.836157941429e-13       3.476772895918e-15       0.000000000000e+00       0.000000000000e+00       0.000000000000e+00 
   31       7.403446160022e-11       3.907371289946e-15      -1.940397567441e-13       3.663995672601e-15       0.000000000000e+00       0.000000000000e+00       0.000000000000e+00 
   32       7.329376595374e-11       4.123513484186e-15      -2.045527082410e-13       3.852952407202e-15       0.000000000000e+00       0.000000000000e+00       0.000000000000e+00 
   33       7.254268173633e-11       4.342834208219e-15      -2.151335329839e-13       4.043401589007e-15       0.000000000000e+00       0.000000000000e+00       0.000000000000e+00 
   34       7.178155570684e-11       4.565171944143e-15      -2.257623026904e-13       4.235113674274e-15       0.000000000000e+00       0.000000000000e+00       0.000000000000e+00 
   35       7.100575848983e-11       4.790372521643e-15      -2.364190854286e-13       4.427856486730e-15       0.000000000000e+00       0.000000000000e+00       0.000000000000e+00 
   36       7.022040171849e-11       5.018258269826e-15      -2.470828967201e-13       4.621357974947e-15       0.000000000000e+00       0.000000000000e+00       0.000000000000e+00 
   37       6.942939002117e-11       5.248649453517e-15      -2.577324815129e-13       4.815330371446e-15       0.000000000000e+00       0.000000000000e+00       0.000000000000e+00 
   38       6.863069882181e-11       5.481373026483e-15      -2.683466520246e-13       5.009479457056e-15       0.000000000000e+00       0.000000000000e+00       0.000000000000e+00 
   39       6.781923410634e-11       5.716250576398e-15      -2.789047452815e-13       5.203518045530e-15       0.000000000000e+00       0.000000000000e+00       0.000000000000e+00 
   40       6.699815518085e-11       5.953056104362e-15      -2.893880690736e-13       5.397213113189e-15       0.000000000000e+00       0.000000000000e+00       0.000000000000e+00 
   41       6.617033190695e-11       6.191544613013e-15      -2.997790277600e-13       5.590353952217e-15       0.000000000000e+00       0.000000000000e+00       0.000000000000e+00 
   42       6.533479870358e-11       6.431462884187e-15      -3.100608316595e-13       5.782740188837e-15       0.000000000000e+00       0.000000000000e+00       0.000000000000e+00 
   43       6.448879447220e-11       6.672551651056e-15      -3.202165967757e-13       5.974172182438e-15       0.000000000000e+00       0.000000000000e+00       0.000000000000e+00 
   44       6.363554608150e-11       6.914554114277e-15      -3.302261215984e-13       6.164417228966e-15       0.000000000000e+00       0.000000000000e+00       0.000000000000e+00 
   45       6.277826884476e-11       7.157209234207e-15      -3.400682382992e-13       6.353233827590e-15       0.000000000000e+00       0.000000000000e+00       0.000000000000e+00 
   46       6.191773496604e-11       7.400248964105e-15      -3.497217208995e-13       6.540380916686e-15       0.000000000000e+00       0.000000000000e+00       0.000000000000e+00 
   47       6.105204573185e-11       7.643397917455e-15      -3.591653021564e-13       6.725617826168e-15       0.000000000000e+00       0.000000000000e+00       0.000000000000e+00 
   48       6.017828594969e-11       7.886389306640e-15      -3.683797091118e-13       6.908709773354e-15       0.000000000000e+00       0.000000000000e+00       0.000000000000e+00 
   49       5.929857029592e-11       8.129018848076e-15      -3.773544088564e-13       7.089446293733e-15       0.000000000000e+00       0.000000000000e+00       0.000000000000e+00 
   50       5.841530995908e-11       8.371105480705e-15      -3.860827933264e-13       7.267627923710e-15       0.000000000000e+00       0.000000000000e+00       0.000000000000e+00 
   51       5.752935066992e-11       8.612476906591e-15      -3.945604435901e-13       7.443061340053e-15       0.000000000000e+00       0.000000000000e+00       0.000000000000e+00 
   52       5.663984092611e-11       8.852970088416e-15      -4.027852497277e-13       7.615559595068e-15       0.000000000000e+00       0.000000000000e+00       0.000000000000e+00 
   53       5.574534943730e-11       9.092424755175e-15      -4.107553211268e-13       7.784944182491e-15       0.000000000000e+00       0.000000000000e+00       0.000000000000e+00 
   54       5.484785813404e-11       9.330660813537e-15      -4.184618105694e-13       7.951051317535e-15       0.000000000000e+00       0.000000000000e+00       0.000000000000e+00 
   55       5.394956626707e-11       9.567495995045e-15      -4.258944538420e-13       8.113727681574e-15       0.000000000000e+00       0.000000000000e+00       0.000000000000e+00 
   56       5.305165345161e-11       9.802752539236e-15      -4.330436444236e-13       8.272829037668e-15       0.000000000000e+00       0.000000000000e+00       0.000000000000e+00 
   57       5.215420027038e-11       1.003625739798e-14      -4.399004607194e-13       8.428220542486e-15       0.000000000000e+00       0.000000000000e+00       0.000000000000e+00 
   58       5.125610887636e-11       1.026784243983e-14      -4.464566932950e-13       8.579777058236e-15       0.000000000000e+00       0.000000000000e+00       0.000000000000e+00 
   59       5.035598672249e-11       1.049734293558e-14      -4.527048870591e-13       8.727381850192e-15       0.000000000000e+00       0.000000000000e+00       0.000000000000e+00 
   60       4.945521773134e-11       1.072459214027e-14      -4.586384173978e-13       8.870921617638e-15       0.000000000000e+00       0.000000000000e+00       0.000000000000e+00 
   61       4.855546528690e-11       1.094942581186e-14      -4.642514798844e-13       9.010290858192e-15       0.000000000000e+00       0.000000000000e+00       0.000000000000e+00 
   62       4.765772602347e-11       1.117168396247e-14      -4.695391040594e-13       9.145393632695e-15       0.000000000000e+00       0.000000000000e+00       0.000000000000e+00 
   63       4.676228307686e-11       1.139121100446e-14      -4.744971811709e-13       9.276143822410e-15       0.000000000000e+00       0.000000000000e+00       0.000000000000e+00 
   64       4.586865933573e-11       1.160785589651e-14      -4.791224919153e-13       9.402465386220e-15       0.000000000000e+00       0.000000000000e+00       0.000000000000e+00 
   65       4.497620877633e-11       1.182146735625e-14      -4.834124095557e-13       9.524284891200e-15       0.000000000000e+00       0.000000000000e+00       0.000000000000e+00 
   66       4.408614103117e-11       1.203187799151e-14      -4.873638738878e-13       9.641506687981e-15       0.000000000000e+00       0.000000000000e+00       0.000000000000e+00 
   67       4.319984328818e-11       1.223891705957e-14      -4.909742489244e-13       9.754032922190e-15       0.000000000000e+00       0.000000000000e+00       0.000000000000e+00 
   68       4.231825168119e-11       1.244241511196e-14      -4.942416466557e-13       9.861770837480e-15       0.000000000000e+00       0.000000000000e+00       0.000000000000e+00 
   69       4.144182238964e-11       1.264220400256e-14      -4.971649457092e-13       9.964632816598e-15       0.000000000000e+00       0.000000000000e+00       0.000000000000e+00 
   70       4.057050273837e-11       1.283811689565e-14      -4.997438100102e-13       1.006253642246e-14       0.000000000000e+00       0.000000000000e+00       0.000000000000e+00 
   71       3.970370229732e-11       1.302998827403e-14      -5.019787074422e-13       1.015540443921e-14       0.000000000000e+00       0.000000000000e+00       0.000000000000e+00 
   72       3.884078326032e-11       1.321765968450e-14      -5.038706697751e-13       1.024316921590e-14       0.000000000000e+00       0.000000000000e+00       0.000000000000e+00 
   73       3.798270477720e-11       1.340099823339e-14      -5.054204776340e-13       1.032578657138e-14       0.000000000000e+00       0.000000000000e+00       0.000000000000e+00 
   74       3.713064349336e-11       1.357988167237e-14      -5.066293520793e-13       1.040322464507e-14       0.000000000000e+00       0.000000000000e+00       0.000000000000e+00 
   75       3.628548548230e-11       1.375419311229e-14      -5.074992120125e-13       1.047545996786e-14       0.000000000000e+00       0.000000000000e+00       0.000000000000e+00 
   76       3.544780920104e-11       1.392382116225e-14      -5.080326869296e-13       1.054247760134e-14       0.000000000000e+00       0.000000000000e+00       0.000000000000e+00 
   77       3.461786844552e-11       1.408866006868e-14      -5.082331296746e-13       1.060427127716e-14       0.000000000000e+00       0.000000000000e+00       0.000000000000e+00 
   78       3.379557530608e-11       1.424860985439e-14      -5.081046291919e-13       1.066084353632e-14       0.000000000000e+00       0.000000000000e+00       0.000000000000e+00 
   79       3.298048312283e-11       1.440357645765e-14      -5.076520232801e-13       1.071220586845e-14       0.000000000000e+00       0.000000000000e+00       0.000000000000e+00 
   80       3.217214437847e-11       1.455346883586e-14      -5.068804842242e-13       1.075837391818e-14       0.000000000000e+00       0.000000000000e+00       0.000000000000e+00 
   81       3.137129345302e-11       1.469818939131e-14      -5.057941647613e-13       1.079935183903e-14       0.000000000000e+00       0.000000000000e+00       0.000000000000e+00 
   82       3.057883911990e-11       1.483764212879e-14      -5.043973391453e-13       1.083514546387e-14       0.000000000000e+00       0.000000000000e+00       0.000000000000e+00 
   83       2.979549790706e-11       1.497173562487e-14      -5.026948141505e-13       1.086576704378e-14       0.000000000000e+00       0.000000000000e+00       0.000000000000e+00 
   84       2.902178399566e-11       1.510038311081e-14      -5.006919339156e-13       1.089123529600e-14       0.000000000000e+00       0.000000000000e+00       0.000000000000e+00 
   85       2.825799911885e-11       1.522350255541e-14      -4.983945847868e-13       1.091157545186e-14       0.000000000000e+00       0.000000000000e+00       0.000000000000e+00 
   86       2.750422246039e-11       1.534101674782e-14      -4.958092001613e-13       1.092681930476e-14       0.000000000000e+00       0.000000000000e+00       0.000000000000e+00 
   87       2.676030055348e-11       1.545285338048e-14      -4.929427653313e-13       1.093700525812e-14       0.000000000000e+00       0.000000000000e+00       0.000000000000e+00 
   88       2.602583717936e-11       1.555894513190e-14      -4.898028223270e-13       1.094217837331e-14       0.000000000000e+00       0.000000000000e+00       0.000000000000e+00 
   89       2.530045977987e-11       1.565923024840e-14      -4.863970878707e-13       1.094238862523e-14       0.000000000000e+00       0.000000000000e+00       0.000000000000e+00 
   90       2.458468860773e-11       1.575365421297e-14      -4.827322279988e-13       1.093768525090e-14       0.000000000000e+00       0.000000000000e+00       0.000000000000e+00 
   91       2.387918594120e-11       1.584216849210e-14      -4.788148992473e-13       1.092812159853e-14       0.000000000000e+00       0.000000000000e+00       0.000000000000e+00 
   92       2.318448583207e-11       1.592473014929e-14      -4.746521174905e-13       1.091375686185e-14       0.000000000000e+00       0.000000000000e+00       0.000000000000e+00 
   93       2.250098814687e-11       1.600130193540e-14      -4.702512569882e-13       1.089465610119e-14       0.000000000000e+00       0.000000000000e+00       0.000000000000e+00 
   94       2.182895260816e-11       1.607185237898e-14      -4.656200494334e-13       1.087089026459e-14       0.000000000000e+00       0.000000000000e+00       0.000000000000e+00 
   95       2.116849283571e-11       1.613635587662e-14      -4.607665829995e-13       1.084253620889e-14       0.000000000000e+00       0.000000000000e+00       0.000000000000e+00 
   96       2.051957038780e-11       1.619479278326e-14      -4.556993013878e-13       1.080967672081e-14       0.000000000000e+00       0.000000000000e+00       0.000000000000e+00 
   97       1.988198880244e-11       1.624714950254e-14      -4.504270028750e-13       1.077240053812e-14       0.000000000000e+00       0.000000000000e+00       0.000000000000e+00 
   98       1.925538763862e-11       1.629341857712e-14      -4.449588393603e-13       1.073080237066e-14       0.000000000000e+00       0.000000000000e+00       0.000000000000e+00 
   99       1.863943563324e-11       1.633359707559e-14      -4.393039638140e-13       1.068497923177e-14       0.000000000000e+00       0.000000000000e+00       0.000000000000e+00 
  100       1.803445426983e-11       1.636768129714e-14      -4.334704177028e-13       1.063501879398e-14       0.000000000000e+00       0.000000000000e+00       0.000000000000e+00 
  101       1.744087187427e-11       1.639567148119e-14      -4.274660834747e-13       1.058100941548e-14       0.000000000000e+00       0.000000000000e+00       0.000000000000e+00 
  102       1.685902887828e-11       1.641757351269e-14      -4.212990169515e-13       1.052304365945e-14       0.000000000000e+00       0.000000000000e+00       0.000000000000e+00 
  103       1.628917427420e-11       1.643339899182e-14      -4.149774421140e-13       1.046121827037e-14       0.000000000000e+00       0.000000000000e+00       0.000000000000e+00 
  104       1.573146206972e-11       1.644316530367e-14      -4.085097458878e-13       1.039563415040e-14       0.000000000000e+00       0.000000000000e+00       0.000000000000e+00 
  105       1.518594774268e-11       1.644689568793e-14      -4.019044729286e-13       1.032639633581e-14       0.000000000000e+00       0.000000000000e+00       0.000000000000e+00 
  106       1.465258469582e-11       1.644461930855e-14      -3.951703204085e-13       1.025361397330e-14       0.000000000000e+00       0.000000000000e+00       0.000000000000e+00 
  107       1.413122071155e-11       1.643637132347e-14      -3.883161328007e-13       1.017740029641e-14       0.000000000000e+00       0.000000000000e+00       0.000000000000e+00 
  108       1.362159440673e-11       1.642219295426e-14      -3.813508966660e-13       1.009787260189e-14       0.000000000000e+00       0.000000000000e+00       0.000000000000e+00 
  109       1.312333168743e-11       1.640213155586e-14      -3.742837354378e-13       1.001515222604e-14       0.000000000000e+00       0.000000000000e+00       0.000000000000e+00 
  110       1.263609444591e-11       1.637623822518e-14      -3.671236506772e-13       9.929360956287e-15       0.000000000000e+00       0.000000000000e+00       0.000000000000e+00 
  111       1.216005588641e-11       1.634456012996e-14      -3.598787193893e-13       9.840609794272e-15       0.000000000000e+00       0.000000000000e+00       0.000000000000e+00 
  112       1.169547967912e-11       1.630714732399e-14      -3.525567837446e-13       9.749008703766e-15       0.000000000000e+00       0.000000000000e+00       0.000000000000e+00 
  113       1.124257113020e-11       1.626405516542e-14      -3.451656878089e-13       9.654669988987e-15       0.000000000000e+00       0.000000000000e+00       0.000000000000e+00 
  114       1.080147513279e-11       1.621534436222e-14      -3.377132698372e-13       9.557708235949e-15       0.000000000000e+00       0.000000000000e+00       0.000000000000e+00 
  115       1.037227411806e-11       1.616108101768e-14      -3.302073545676e-13       9.458240253799e-15       0.000000000000e+00       0.000000000000e+00       0.000000000000e+00 
  116       9.954986006149e-12       1.610133667592e-14      -3.226557455151e-13       9.356385016163e-15       0.000000000000e+00       0.000000000000e+00       0.000000000000e+00 
  117       9.549562157223e-12       1.603618836737e-14      -3.150662172658e-13       9.252263602481e-15       0.000000000000e+00       0.000000000000e+00       0.000000000000e+00 
  118       9.155885322458e-12       1.596571865428e-14      -3.074465077706e-13       9.145999139354e-15       0.000000000000e+00       0.000000000000e+00       0.000000000000e+00 
  119       8.773767595050e-12       1.589001567622e-14      -2.998043106389e-13       9.037716741882e-15       0.000000000000e+00       0.000000000000e+00       0.000000000000e+00 
  120       8.402948361222e-12       1.580917319557e-14      -2.921472674332e-13       8.927543455005e-15       0.000000000000e+00       0.000000000000e+00       0.000000000000e+00 
  121       8.043092251228e-12       1.572329064302e-14      -2.844829599620e-13       8.815608194846e-15       0.000000000000e+00       0.000000000000e+00       0.000000000000e+00 
  122       7.693787090362e-12       1.563247316311e-14      -2.768189025748e-13       8.702041690048e-15       0.000000000000e+00       0.000000000000e+00       0.000000000000e+00 
  123       7.354657792735e-12       1.553682776711e-14      -2.691624270034e-13       8.586973025517e-15       0.000000000000e+00       0.000000000000e+00       0.000000000000e+00 
  124       7.025727222597e-12       1.543645119471e-14      -2.615203383233e-13       8.470518948983e-15       0.000000000000e+00       0.000000000000e+00       0.000000000000e+00 
  125       6.707093120993e-12       1.533144073715e-14      -2.538992047622e-13       8.352793219683e-15       0.000000000000e+00       0.000000000000e+00       0.000000000000e+00 
  126       6.398814751091e-12       1.522189801956e-14      -2.463054531476e-13       8.233909811427e-15       0.000000000000e+00       0.000000000000e+00       0.000000000000e+00 
  127       6.100911761411e-12       1.510792901585e-14      -2.387453603559e-13       8.113982827198e-15       0.000000000000e+00       0.000000000000e+00       0.000000000000e+00 
  128       5.813363049045e-12       1.498964406357e-14      -2.312250447604e-13       7.993126413771e-15       0.000000000000e+00       0.000000000000e+00       0.000000000000e+00 
  129       5.536105622877e-12       1.486715787877e-14      -2.237504576803e-13       7.871454676313e-15       0.000000000000e+00       0.000000000000e+00       0.000000000000e+00 
  130       5.269033466812e-12       1.474058957092e-14      -2.163273748286e-13       7.749081592998e-15       0.000000000000e+00       0.000000000000e+00       0.000000000000e+00 
  131       5.011996402994e-12       1.461006265773e-14      -2.089613877613e-13       7.626120929617e-15       0.000000000000e+00       0.000000000000e+00       0.000000000000e+00 
  132       4.764798955029e-12       1.447570508004e-14      -2.016578953251e-13       7.502686154184e-15       0.000000000000e+00       0.000000000000e+00       0.000000000000e+00 
  133       4.527199211211e-12       1.433764921671e-14      -1.944220951067e-13       7.378890351545e-15       0.000000000000e+00       0.000000000000e+00       0.000000000000e+00 
  134       4.298907687743e-12       1.419603189948e-14      -1.872589748807e-13       7.254846137992e-15       0.000000000000e+00       0.000000000000e+00       0.000000000000e+00 
  135       4.079586191959e-12       1.405099442784e-14      -1.801733040584e-13       7.130665575868e-15       0.000000000000e+00       0.000000000000e+00       0.000000000000e+00 
  136       3.868846685547e-12       1.390268258389e-14      -1.731696251362e-13       7.006460088177e-15       0.000000000000e+00       0.000000000000e+00       0.000000000000e+00 
  137       3.666334168464e-12       1.375124149414e-14      -1.662523463964e-13       6.882338450137e-15       0.000000000000e+00       0.000000000000e+00       0.000000000000e+00 
  138       3.471987416853e-12       1.359679958315e-14      -1.594260489381e-13       6.758400710025e-15       0.000000000000e+00       0.000000000000e+00       0.000000000000e+00 
  139       3.285803196301e-12       1.343948297990e-14      -1.526951953512e-13       6.634743474429e-15       0.000000000000e+00       0.000000000000e+00       0.000000000000e+00 
  140       3.107754064161e-12       1.327942050420e-14      -1.460640234800e-13       6.511461678179e-15       0.000000000000e+00       0.000000000000e+00       0.000000000000e+00 
  141       2.937787766067e-12       1.311674364888e-14      -1.395365385141e-13       6.388648486746e-15       0.000000000000e+00       0.000000000000e+00       0.000000000000e+00 
  142       2.775826632455e-12       1.295158656198e-14      -1.331165050793e-13       6.266395198646e-15       0.000000000000e+00       0.000000000000e+00       0.000000000000e+00 
  143       2.621766975081e-12       1.278408602887e-14      -1.268074393293e-13       6.144791147841e-15       0.000000000000e+00       0.000000000000e+00       0.000000000000e+00 
  144       2.475478483539e-12       1.261438145442e-14      -1.206126010364e-13       6.023923606149e-15       0.000000000000e+00       0.000000000000e+00       0.000000000000e+00 
  145       2.336803621779e-12       1.244261484520e-14      -1.145349856830e-13       5.903877685641e-15       0.000000000000e+00       0.000000000000e+00       0.000000000000e+00 
  146       2.205557024626e-12       1.226893079162e-14      -1.085773165524e-13       5.784736241044e-15       0.000000000000e+00       0.000000000000e+00       0.000000000000e+00 
  147       2.081524894297e-12       1.209347645010e-14      -1.027420368205e-13       5.666579772152e-15       0.000000000000e+00       0.000000000000e+00       0.000000000000e+00 
  148       1.964464396919e-12       1.191640152522e-14      -9.703130164629e-14       5.549486326219e-15       0.000000000000e+00       0.000000000000e+00       0.000000000000e+00 
  149       1.854103059049e-12       1.173785825192e-14      -9.144697026367e-14       5.433531400371e-15       0.000000000000e+00       0.000000000000e+00       0.000000000000e+00 
  150       1.750138164192e-12       1.155800137762e-14      -8.599059807219e-14       5.318787844002e-15       0.000000000000e+00       0.000000000000e+00       0.000000000000e+00 
  151       1.652236149316e-12       1.137698814443e-14      -8.066342872837e-14       5.205325761184e-15       0.000000000000e+00       0.000000000000e+00       0.000000000000e+00 
  152       1.560032001375e-12       1.119497827129e-14      -7.546638623688e-14       5.093212413067e-15       0.000000000000e+00       0.000000000000e+00       0.000000000000e+00 
  153       1.473192796708e-12       1.101212794595e-14      -7.040038343801e-14       4.982512739832e-15       0.000000000000e+00       0.000000000000e+00       0.000000000000e+00 
  154       1.391616233967e-12       1.082857121023e-14      -6.546729637529e-14       4.873291186539e-15       0.000000000000e+00       0.000000000000e+00       0.000000000000e+00 
  155       1.315249487548e-12       1.064443680270e-14      -6.066906582516e-14       4.765609861680e-15       0.000000000000e+00       0.000000000000e+00       0.000000000000e+00 
  156       1.244026448511e-12       1.045985394546e-14      -5.600738279443e-14       4.659527839224e-15       0.000000000000e+00       0.000000000000e+00       0.000000000000e+00 
  157       1.177867447770e-12       1.027495229576e-14      -5.148368222278e-14       4.555101064176e-15       0.000000000000e+00       0.000000000000e+00       0.000000000000e+00 
  158       1.116678979290e-12       1.008986189770e-14      -4.709913668536e-14       4.452382258139e-15       0.000000000000e+00       0.000000000000e+00       0.000000000000e+00 
  159       1.060353423281e-12       9.904713133849e-15      -4.285465009532e-14       4.351420824866e-15       0.000000000000e+00       0.000000000000e+00       0.000000000000e+00 
  160       1.008768769391e-12       9.719636676926e-15      -3.875085140639e-14       4.252262755825e-15       0.000000000000e+00       0.000000000000e+00       0.000000000000e+00 
  161       9.617883399030e-13       9.534763441446e-15      -3.478808831540e-14       4.154950535755e-15       0.000000000000e+00       0.000000000000e+00       0.000000000000e+00 
  162       9.192605129268e-13       9.350224535384e-15      -3.096642096488e-14       4.059523048225e-15       0.000000000000e+00       0.000000000000e+00       0.000000000000e+00 
  163       8.810184455959e-13       9.166151211829e-15      -2.728561564557e-14       3.966015481192e-15       0.000000000000e+00       0.000000000000e+00       0.000000000000e+00 
  164       8.468797972605e-13       8.982674820641e-15      -2.374513849902e-14       3.874459232560e-15       0.000000000000e+00       0.000000000000e+00       0.000000000000e+00 
  165       8.166464526825e-13       8.799926760109e-15      -2.034414922013e-14       3.784881815739e-15       0.000000000000e+00       0.000000000000e+00       0.000000000000e+00 
  166       7.901042452298e-13       8.618038428612e-15      -1.708149475969e-14       3.697306765205e-15       0.000000000000e+00       0.000000000000e+00       0.000000000000e+00 
  167       7.670226800711e-13       8.437141176268e-15      -1.395570302695e-14       3.611753542056e-15       0.000000000000e+00       0.000000000000e+00       0.000000000000e+00 
  168       7.471546573699e-13       8.257366256601e-15      -1.096497659218e-14       3.528237439570e-15       0.000000000000e+00       0.000000000000e+00       0.000000000000e+00 
  169       7.302361954794e-13       8.078844778190e-15      -8.107186389233e-15       3.446769488769e-15       0.000000000000e+00       0.000000000000e+00       0.000000000000e+00 
  170       7.159861541368e-13       7.901707656333e-15      -5.379865418068e-15       3.367356363972e-15       0.000000000000e+00       0.000000000000e+00       0.000000000000e+00 
  171       7.041495474150e-13       7.726080545857e-15      -2.780719113325e-15       3.290004731175e-15       0.000000000000e+00       0.000000000000e+00       0.000000000000e+00 
  172       6.946321147619e-13       7.552068266644e-15      -3.092173878214e-16       3.214734897774e-15       0.000000000000e+00       0.000000000000e+00       0.000000000000e+00 
  173       6.873764924580e-13       7.379768980810e-15       2.034876113962e-15       3.141568125294e-15       0.000000000000e+00       0.000000000000e+00       0.000000000000e+00 
  174       6.823195356498e-13       7.209279026352e-15       4.252012890971e-15       3.070522213282e-15       0.000000000000e+00       0.000000000000e+00       0.000000000000e+00 
  175       6.793922193892e-13       7.040692848323e-15       6.342863775042e-15       3.001611422986e-15       0.000000000000e+00       0.000000000000e+00       0.000000000000e+00 
  176       6.785195396723e-13       6.874102930021e-15       8.308323120364e-15       2.934846401044e-15       0.000000000000e+00       0.000000000000e+00       0.000000000000e+00 
  177       6.796204144792e-13       6.709599724166e-15       1.014951299295e-14       2.870234103168e-15       0.000000000000e+00       0.000000000000e+00       0.000000000000e+00 
  178       6.826075848131e-13       6.547271584077e-15       1.186778736007e-14       2.807777717828e-15       0.000000000000e+00       0.000000000000e+00       0.000000000000e+00 
  179       6.873875157393e-13       6.387204694858e-15       1.346473627978e-14       2.747476589938e-15       0.000000000000e+00       0.000000000000e+00       0.000000000000e+00 
  180       6.938602974249e-13       6.229483004578e-15       1.494219009030e-14       2.689326144543e-15       0.000000000000e+00       0.000000000000e+00       0.000000000000e+00 
  181       7.019195461778e-13       6.074188155448e-15       1.630222359954e-14       2.633317810502e-15       0.000000000000e+00       0.000000000000e+00       0.000000000000e+00 
  182       7.114523054862e-13       5.921399415005e-15       1.754716027456e-14       2.579438944174e-15       0.000000000000e+00       0.000000000000e+00       0.000000000000e+00 
  183       7.223389470573e-13       5.771193607292e-15       1.867957643098e-14       2.527672753102e-15       0.000000000000e+00       0.000000000000e+00       0.000000000000e+00 
  184       7.344530718575e-13       5.623645044036e-15       1.970230542251e-14       2.477998219701e-15       0.000000000000e+00       0.000000000000e+00       0.000000000000e+00 
  185       7.476614111508e-13       5.478825455833e-15       2.061844183038e-14       2.430390024941e-15       0.000000000000e+00       0.000000000000e+00       0.000000000000e+00 
  186       7.618237275387e-13       5.336803923326e-15       2.143134565279e-14       2.384818472032e-15       0.000000000000e+00       0.000000000000e+00       0.000000000000e+00 
  187       7.767927159989e-13       5.197646808385e-15       2.214464649442e-14       2.341249410111e-15       0.000000000000e+00       0.000000000000e+00       0.000000000000e+00 
  188       7.924139049251e-13       5.061417685290e-15       2.276224775584e-14       2.299644157925e-15       0.000000000000e+00       0.000000000000e+00       0.000000000000e+00 
  189       8.085255571660e-13       4.928177271910e-15       2.328833082300e-14       2.259959427520e-15       0.000000000000e+00       0.000000000000e+00       0.000000000000e+00 
  190       8.249585710646e-13       4.797983360883e-15       2.372735925671e-14       2.222147247921e-15       0.000000000000e+00       0.000000000000e+00       0.000000000000e+00 
  191       8.415617823677e-13       4.670889649145e-15       2.408345846293e-14       2.186162940617e-15       0.000000000000e+00       0.000000000000e+00       0.000000000000e+00 
  192       8.582801956971e-13       4.546942271863e-15       2.435849400908e-14       2.151989873136e-15       0.000000000000e+00       0.000000000000e+00       0.000000000000e+00 
  193       8.750824440694e-13       4.426182875456e-15       2.455385689879e-14       2.119616419560e-15       0.000000000000e+00       0.000000000000e+00       0.000000000000e+00 
  194       8.919358999827e-13       4.308649623933e-15       2.467107726013e-14       2.089028026068e-15       0.000000000000e+00       0.000000000000e+00       0.000000000000e+00 
  195       9.088066595737e-13       4.194377126470e-15       2.471182649152e-14       2.060207160971e-15       0.000000000000e+00       0.000000000000e+00       0.000000000000e+00 
  196       9.256595267751e-13       4.083396364982e-15       2.467791940761e-14       2.033133264740e-15       0.000000000000e+00       0.000000000000e+00       0.000000000000e+00 
  197       9.424579974730e-13       3.975734621706e-15       2.457131638512e-14       2.007782700043e-15       0.000000000000e+00       0.000000000000e+00       0.000000000000e+00 
  198       9.591642436640e-13       3.871415406768e-15       2.439412550877e-14       1.984128701776e-15       0.000000000000e+00       0.000000000000e+00       0.000000000000e+00 
  199       9.757390976126e-13       3.770458385765e-15       2.414860471714e-14       1.962141327096e-15       0.000000000000e+00       0.000000000000e+00       0.000000000000e+00 
  200       9.921420360088e-13       3.672879307339e-15       2.383716394854e-14       1.941787405453e-15       0.000000000000e+00       0.000000000000e+00       0.000000000000e+00 
  201       1.008331164125e-12       3.578689930750e-15       2.346236728690e-14       1.923030488624e-15       0.000000000000e+00       0.000000000000e+00       0.000000000000e+00 
  202       1.024263199973e-12       3.487897953458e-15       2.302693510764e-14       1.905830800745e-15       0.000000000000e+00       0.000000000000e+00       0.000000000000e+00 
  203       1.039893458462e-12       3.400506938693e-15       2.253374622356e-14       1.890145188343e-15       0.000000000000e+00       0.000000000000e+00       0.000000000000e+00 
  204       1.055175835556e-12       3.316516243031e-15       2.198584003074e-14       1.875927070371e-15       0.000000000000e+00       0.000000000000e+00       0.000000000000e+00 
  205       1.070062792430e-12       3.235920943973e-15       2.138641865436e-14       1.863126388237e-15       0.000000000000e+00       0.000000000000e+00       0.000000000000e+00 
  206       1.084505339629e-12       3.158711767521e-15       2.073884909465e-14       1.851689555842e-15       0.000000000000e+00       0.000000000000e+00       0.000000000000e+00 
  207       1.098453021224e-12       3.084875015750e-15       2.004666537272e-14       1.841559409606e-15       0.000000000000e+00       0.000000000000e+00       0.000000000000e+00 
  208       1.111853898969e-12       3.014392494384e-15       1.931357067646e-14       1.832675158508e-15       0.000000000000e+00       0.000000000000e+00       0.000000000000e+00 
  209       1.124654536459e-12       2.947241440377e-15       1.854343950641e-14       1.824972334112e-15       0.000000000000e+00       0.000000000000e+00       0.000000000000e+00 
  210       1.136799983288e-12       2.883394449482e-15       1.774031982166e-14       1.818382740604e-15       0.000000000000e+00       0.000000000000e+00       0.000000000000e+00 
  211       1.148233759205e-12       2.822819403832e-15       1.690843518570e-14       1.812834404824e-15       0.000000000000e+00       0.000000000000e+00       0.000000000000e+00 
  212       1.158897838273e-12       2.765479399513e-15       1.605218691234e-14       1.808251526299e-15       0.000000000000e+00       0.000000000000e+00       0.000000000000e+00 
  213       1.168742680325e-12       2.711338235644e-15       1.517556958968e-14       1.804564932294e-15       0.000000000000e+00       0.000000000000e+00       0.000000000000e+00 
  214       1.177758111759e-12       2.660377444236e-15       1.428036929498e-14       1.801744332025e-15       0.000000000000e+00       0.000000000000e+00       0.000000000000e+00 
  215       1.185944500462e-12       2.612580270925e-15       1.336784779654e-14       1.799768145011e-15       0.000000000000e+00       0.000000000000e+00       0.000000000000e+00 
  216       1.193302906474e-12       2.567926159402e-15       1.243931883788e-14       1.798613169632e-15       0.000000000000e+00       0.000000000000e+00       0.000000000000e+00 
  217       1.199835092598e-12       2.526390693626e-15       1.149614873932e-14       1.798254560825e-15       0.000000000000e+00       0.000000000000e+00       0.000000000000e+00 
  218       1.205543535005e-12       2.487945540040e-15       1.053975699946e-14       1.798665807764e-15       0.000000000000e+00       0.000000000000e+00       0.000000000000e+00 
  219       1.210431433846e-12       2.452558389789e-15       9.571616896764e-15       1.799818711554e-15       0.000000000000e+00       0.000000000000e+00       0.000000000000e+00 
  220       1.214502723856e-12       2.420192900940e-15       8.593256091042e-15       1.801683362918e-15       0.000000000000e+00       0.000000000000e+00       0.000000000000e+00 
  221       1.217762084966e-12       2.390808640693e-15       7.606257225000e-15       1.804228119884e-15       0.000000000000e+00       0.000000000000e+00       0.000000000000e+00 
  222       1.220214952907e-12       2.364361027606e-15       6.612258525762e-15       1.807419585474e-15       0.000000000000e+00       0.000000000000e+00       0.000000000000e+00 
  223       1.221867529820e-12       2.340801273804e-15       5.612954406403e-15       1.811222585395e-15       0.000000000000e+00       0.000000000000e+00       0.000000000000e+00 
  224       1.222726794865e-12       2.320076327202e-15       4.610096067474e-15       1.815600145725e-15       0.000000000000e+00       0.000000000000e+00       0.000000000000e+00 
  225       1.222800514828e-12       2.302128813718e-15       3.605492098531e-15       1.820513470600e-15       0.000000000000e+00       0.000000000000e+00       0.000000000000e+00 
  226       1.222097254727e-12       2.286896979494e-15       2.601009079664e-15       1.825921919907e-15       0.000000000000e+00       0.000000000000e+00       0.000000000000e+00 
  227       1.220626388426e-12       2.274314633108e-15       1.598572183026e-15       1.831782986967e-15       0.000000000000e+00       0.000000000000e+00       0.000000000000e+00 
  228       1.218398109234e-12       2.264311087797e-15       6.001657743613e-16       1.838052276228e-15       0.000000000000e+00       0.000000000000e+00       0.000000000000e+00 
  229       1.215423440522e-12       2.256811103670e-15      -3.921659854670e-16       1.844683480951e-15       0.000000000000e+00       0.000000000000e+00       0.000000000000e+00 
  230       1.211714246325e-12       2.251734829925e-15      -1.376318538948e-15       1.851628360899e-15       0.000000000000e+00       0.000000000000e+00       0.000000000000e+00 
  231       1.207283241951e-12       2.248997747069e-15      -2.350126330393e-15       1.858836720024e-15       0.000000000000e+00       0.000000000000e+00       0.000000000000e+00 
  232       1.202144004594e-12       2.248510609131e-15      -3.311362204410e-15       1.866256384161e-15       0.000000000000e+00       0.000000000000e+00       0.000000000000e+00 
  233       1.196310983934e-12       2.250179385884e-15      -4.257736804374e-15       1.873833178707e-15       0.000000000000e+00       0.000000000000e+00       0.000000000000e+00 
  234       1.189799512752e-12       2.253905205058e-15      -5.186897970895e-15       1.881510906318e-15       0.000000000000e+00       0.000000000000e+00       0.000000000000e+00 
  235       1.182625817532e-12       2.259584294558e-15      -6.096430140297e-15       1.889231324594e-15       0.000000000000e+00       0.000000000000e+00       0.000000000000e+00 
  236       1.174807029074e-12       2.267107924681e-15      -6.983853743081e-15       1.896934123766e-15       0.000000000000e+00       0.000000000000e+00       0.000000000000e+00 
  237       1.166361193102e-12       2.276362350336e-15      -7.846624602404e-15       1.904556904388e-15       0.000000000000e+00       0.000000000000e+00       0.000000000000e+00 
  238       1.157306360500e-12       2.287242339151e-15      -8.682523275978e-15       1.912044365522e-15       0.000000000000e+00       0.000000000000e+00       0.000000000000e+00 
  239       1.147657774958e-12       2.299692784720e-15      -9.490850499529e-15       1.919376533130e-15       0.000000000000e+00       0.000000000000e+00       0.000000000000e+00 
  240       1.137430535522e-12       2.313669502366e-15      -1.027130300085e-14       1.926542198582e-15       0.000000000000e+00       0.000000000000e+00       0.000000000000e+00 
  241       1.126640510251e-12       2.329125841031e-15      -1.102359029002e-14       1.933529859111e-15       0.000000000000e+00       0.000000000000e+00       0.000000000000e+00 
  242       1.115304344888e-12       2.346012654148e-15      -1.174743488052e-14       1.940327714924e-15       0.000000000000e+00       0.000000000000e+00       0.000000000000e+00 
  243       1.103439471526e-12       2.364278270527e-15      -1.244257251030e-14       1.946923666325e-15       0.000000000000e+00       0.000000000000e+00       0.000000000000e+00 
  244       1.091064117270e-12       2.383868465223e-15      -1.310875236295e-14       1.953305310833e-15       0.000000000000e+00       0.000000000000e+00       0.000000000000e+00 
  245       1.078197312909e-12       2.404726430426e-15      -1.374573728876e-14       1.959459940302e-15       0.000000000000e+00       0.000000000000e+00       0.000000000000e+00 
  246       1.064858901579e-12       2.426792746329e-15      -1.435330402585e-14       1.965374538040e-15       0.000000000000e+00       0.000000000000e+00       0.000000000000e+00 
  247       1.051069547431e-12       2.450005352014e-15      -1.493124342127e-14       1.971035775927e-15       0.000000000000e+00       0.000000000000e+00       0.000000000000e+00 
  248       1.036850744294e-12       2.474299516324e-15      -1.547936065211e-14       1.976430011537e-15       0.000000000000e+00       0.000000000000e+00       0.000000000000e+00 
  249       1.022224824347e-12       2.499607808747e-15      -1.599747544659e-14       1.981543285254e-15       0.000000000000e+00       0.000000000000e+00       0.000000000000e+00 
  250       1.007214966781e-12       2.525860070290e-15      -1.648542230523e-14       1.986361317391e-15       0.000000000000e+00       0.000000000000e+00       0.000000000000e+00 
  251       9.918452064668e-13       2.552983384358e-15      -1.694305072188e-14       1.990869505314e-15       0.000000000000e+00       0.000000000000e+00       0.000000000000e+00 
  252       9.761404426216e-13       2.580902047636e-15      -1.737022540486e-14       1.995052920556e-15       0.000000000000e+00       0.000000000000e+00       0.000000000000e+00 
  253       9.601264474749e-13       2.609537540961e-15      -1.776682649808e-14       1.998896305937e-15       0.000000000000e+00       0.000000000000e+00       0.000000000000e+00 
  254       9.438298749353e-13       2.638808500206e-15      -1.813274980215e-14       2.002384072687e-15       0.000000000000e+00       0.000000000000e+00       0.000000000000e+00 
  255       9.272782692565e-13       2.668630687156e-15      -1.846790699546e-14       2.005500297561e-15       0.000000000000e+00       0.000000000000e+00       0.000000000000e+00 
  256       9.105000737038e-13       2.698916960384e-15      -1.877222585531e-14       2.008228719958e-15       0.000000000000e+00       0.000000000000e+00       0.000000000000e+00 
  257       8.935246392209e-13       2.729577246133e-15      -1.904565047901e-14       2.010552739045e-15       0.000000000000e+00       0.000000000000e+00       0.000000000000e+00 
  258       8.763822330955e-13       2.760518509194e-15      -1.928814150499e-14       2.012455410870e-15       0.000000000000e+00       0.000000000000e+00       0.000000000000e+00 
  259       8.591040476264e-13       2.791644723781e-15      -1.949967633392e-14       2.013919445486e-15       0.000000000000e+00       0.000000000000e+00       0.000000000000e+00 
  260       8.417222087894e-13       2.822856844412e-15      -1.968024934979e-14       2.014927204068e-15       0.000000000000e+00       0.000000000000e+00       0.000000000000e+00 
  261       8.242697849040e-13       2.854052776787e-15      -1.982987214105e-14       2.015460696032e-15       0.000000000000e+00       0.000000000000e+00       0.000000000000e+00 
  262       8.067807952996e-13       2.885127348666e-15      -1.994857372168e-14       2.015501576156e-15       0.000000000000e+00       0.000000000000e+00       0.000000000000e+00 
  263       7.892902189819e-13       2.915972280746e-15      -2.003640075236e-14       2.015031141695e-15       0.000000000000e+00       0.000000000000e+00       0.000000000000e+00 
  264       7.718340032994e-13       2.946476157541e-15      -2.009341776150e-14       2.014030329507e-15       0.000000000000e+00       0.000000000000e+00       0.000000000000e+00 
  265       7.544490726095e-13       2.976524398261e-15      -2.011970736640e-14       2.012479713166e-15       0.000000000000e+00       0.000000000000e+00       0.000000000000e+00 
  266       7.371683373721e-13       3.006015317266e-15      -2.011542765375e-14       2.010363769070e-15       0.000000000000e+00       0.000000000000e+00       0.000000000000e+00 
  267       7.200054033696e-13       3.034909331467e-15      -2.008098731707e-14       2.007683937311e-15       0.000000000000e+00       0.000000000000e+00       0.000000000000e+00 
  268       7.029690490212e-13       3.063182368352e-15      -2.001688045986e-14       2.004446264437e-15       0.000000000000e+00       0.000000000000e+00       0.000000000000e+00 
  269       6.860681504155e-13       3.090810015058e-15      -1.992363060863e-14       2.000657202631e-15       0.000000000000e+00       0.000000000000e+00       0.000000000000e+00 
  270       6.693116815301e-13       3.117767516434e-15      -1.980179103057e-14       1.996323614048e-15       0.000000000000e+00       0.000000000000e+00       0.000000000000e+00 
  271       6.527087144501e-13       3.144029773106e-15      -1.965194505122e-14       1.991452775143e-15       0.000000000000e+00       0.000000000000e+00       0.000000000000e+00 
  272       6.362684195875e-13       3.169571339540e-15      -1.947470637220e-14       1.986052381004e-15       0.000000000000e+00       0.000000000000e+00       0.000000000000e+00 
  273       6.200000658998e-13       3.194366422107e-15      -1.927071938884e-14       1.980130549685e-15       0.000000000000e+00       0.000000000000e+00       0.000000000000e+00 
  274       6.039130211096e-13       3.218388877142e-15      -1.904065950791e-14       1.973695826537e-15       0.000000000000e+00       0.000000000000e+00       0.000000000000e+00 
  275       5.880167519229e-13       3.241612209014e-15      -1.878523346527e-14       1.966757188541e-15       0.000000000000e+00       0.000000000000e+00       0.000000000000e+00 
  276       5.723208242488e-13       3.264009568183e-15      -1.850517964361e-14       1.959324048639e-15       0.000000000000e+00       0.000000000000e+00       0.000000000000e+00 
  277       5.568349034180e-13       3.285553749268e-15      -1.820126839005e-14       1.951406260069e-15       0.000000000000e+00       0.000000000000e+00       0.000000000000e+00 
  278       5.415687544022e-13       3.306217189110e-15      -1.787430233392e-14       1.943014120692e-15       0.000000000000e+00       0.000000000000e+00       0.000000000000e+00 
  279       5.265322420327e-13       3.325971964833e-15      -1.752511670437e-14       1.934158377330e-15       0.000000000000e+00       0.000000000000e+00       0.000000000000e+00 
  280       5.117353312200e-13       3.344789791910e-15      -1.715457964811e-14       1.924850230095e-15       0.000000000000e+00       0.000000000000e+00       0.000000000000e+00 
  281       4.971880871721e-13       3.362642022226e-15      -1.676359254705e-14       1.915101336719e-15       0.000000000000e+00       0.000000000000e+00       0.000000000000e+00 
  282       4.829006756142e-13       3.379499642139e-15      -1.635309033603e-14       1.904923816893e-15       0.000000000000e+00       0.000000000000e+00       0.000000000000e+00 
  283       4.688833630073e-13       3.395333270548e-15      -1.592404182045e-14       1.894330256590e-15       0.000000000000e+00       0.000000000000e+00       0.000000000000e+00 
  284       4.551465167671e-13       3.410113156954e-15      -1.547744999403e-14       1.883333712406e-15       0.000000000000e+00       0.000000000000e+00       0.000000000000e+00 
  285       4.417006054836e-13       3.423809179522e-15      -1.501435235642e-14       1.871947715886e-15       0.000000000000e+00       0.000000000000e+00       0.000000000000e+00 
  286       4.285561991395e-13       3.436390843147e-15      -1.453582123094e-14       1.860186277858e-15       0.000000000000e+00       0.000000000000e+00       0.000000000000e+00 
  287       4.157239693295e-13       3.447827277517e-15      -1.404296408223e-14       1.848063892766e-15       0.000000000000e+00       0.000000000000e+00       0.000000000000e+00 
  288       4.032146894795e-13       3.458087235175e-15      -1.353692383397e-14       1.835595543002e-15       0.000000000000e+00       0.000000000000e+00       0.000000000000e+00 
  289       3.910392350651e-13       3.467139089587e-15      -1.301887918652e-14       1.822796703238e-15       0.000000000000e+00       0.000000000000e+00       0.000000000000e+00 
  290       3.792085838312e-13       3.474950833197e-15      -1.249004493466e-14       1.809683344755e-15       0.000000000000e+00       0.000000000000e+00       0.000000000000e+00 
  291       3.677338160104e-13       3.481490075500e-15      -1.195167228522e-14       1.796271939780e-15       0.000000000000e+00       0.000000000000e+00       0.000000000000e+00 
  292       3.566261145426e-13       3.486724041100e-15      -1.140504917482e-14       1.782579465818e-15       0.000000000000e+00       0.000000000000e+00       0.000000000000e+00 
  293       3.458967652938e-13       3.490619567773e-15      -1.085150058752e-14       1.768623409977e-15       0.000000000000e+00       0.000000000000e+00       0.000000000000e+00 
  294       3.355571572749e-13       3.493143104535e-15      -1.029238887249e-14       1.754421773311e-15       0.000000000000e+00       0.000000000000e+00       0.000000000000e+00 
  295       3.256187828611e-13       3.494260709700e-15      -9.729114061760e-15       1.739993075143e-15       0.000000000000e+00       0.000000000000e+00       0.000000000000e+00 
  296       3.160932380104e-13       3.493938048948e-15      -9.163114187832e-15       1.725356357401e-15       0.000000000000e+00       0.000000000000e+00       0.000000000000e+00 
  297       3.069897477029e-13       3.492148905451e-15      -8.595681449997e-15       1.710529453815e-15       0.000000000000e+00       0.000000000000e+00       0.000000000000e+00 
  298       2.983076084975e-13       3.488901172695e-15      -8.027400157123e-15       1.695523695363e-15       0.000000000000e+00       0.000000000000e+00       0.000000000000e+00 
  299       2.900433782684e-13       3.484212124024e-15      -7.458682026175e-15       1.680348955375e-15       0.000000000000e+00       0.000000000000e+00       0.000000000000e+00 
  300       2.821933146874e-13       3.478100024246e-15      -6.889947933968e-15       1.665015363392e-15       0.000000000000e+00       0.000000000000e+00       0.000000000000e+00 
  301       2.747533720869e-13       3.470584139236e-15      -6.321627985171e-15       1.649533307149e-15       0.000000000000e+00       0.000000000000e+00       0.000000000000e+00 
  302       2.677191983235e-13       3.461684745542e-15      -5.754161580315e-15       1.633913434554e-15       0.000000000000e+00       0.000000000000e+00       0.000000000000e+00 
  303       2.610861316420e-13       3.451423139986e-15      -5.187997483800e-15       1.618166655667e-15       0.000000000000e+00       0.000000000000e+00       0.000000000000e+00 
  304       2.548491975385e-13       3.439821649274e-15      -4.623593891896e-15       1.602304144680e-15       0.000000000000e+00       0.000000000000e+00       0.000000000000e+00 
  305       2.490031056244e-13       3.426903639596e-15      -4.061418500752e-15       1.586337341896e-15       0.000000000000e+00       0.000000000000e+00       0.000000000000e+00 
  306       2.435422464898e-13       3.412693526231e-15      -3.501948574402e-15       1.570277955710e-15       0.000000000000e+00       0.000000000000e+00       0.000000000000e+00 
  307       2.384606885674e-13       3.397216783153e-15      -2.945671012768e-15       1.554137964587e-15       0.000000000000e+00       0.000000000000e+00       0.000000000000e+00 
  308       2.337521749957e-13       3.380499952637e-15      -2.393082419669e-15       1.537929619042e-15       0.000000000000e+00       0.000000000000e+00       0.000000000000e+00 
  309       2.294101204829e-13       3.362570654858e-15      -1.844689170823e-15       1.521665443620e-15       0.000000000000e+00       0.000000000000e+00       0.000000000000e+00 
  310       2.254276081702e-13       3.343457597502e-15      -1.301007481856e-15       1.505358238875e-15       0.000000000000e+00       0.000000000000e+00       0.000000000000e+00 
  311       2.217973864959e-13       3.323190585366e-15      -7.625634763057e-16       1.489021083349e-15       0.000000000000e+00       0.000000000000e+00       0.000000000000e+00 
  312       2.185118660587e-13       3.301800529965e-15      -2.298932536276e-16       1.472667335555e-15       0.000000000000e+00       0.000000000000e+00       0.000000000000e+00 
  313       2.155631164811e-13       3.279319459134e-15       2.964570427995e-16       1.456310635952e-15       0.000000000000e+00       0.000000000000e+00       0.000000000000e+00 
  314       2.129428632736e-13       3.255780526636e-15       8.159311576673e-16       1.439964908926e-15       0.000000000000e+00       0.000000000000e+00       0.000000000000e+00 
  315       2.106424846976e-13       3.231218021762e-15       1.327962655733e-15       1.423644364773e-15       0.000000000000e+00       0.000000000000e+00       0.000000000000e+00 
  316       2.086530086298e-13       3.205667378940e-15       1.831974853813e-15       1.407363501673e-15       0.000000000000e+00       0.000000000000e+00       0.000000000000e+00 
  317       2.069651094249e-13       3.179165187337e-15       2.327380752779e-15       1.391137107673e-15       0.000000000000e+00       0.000000000000e+00       0.000000000000e+00 
  318       2.055691047800e-13       3.151749200465e-15       2.813582969548e-15       1.374980262667e-15       0.000000000000e+00       0.000000000000e+00       0.000000000000e+00 
  319       2.044549525978e-13       3.123458345782e-15       3.289973669083e-15       1.358908340373e-15       0.000000000000e+00       0.000000000000e+00       0.000000000000e+00 
  320       2.036122478504e-13       3.094332734302e-15       3.755934496382e-15       1.342937010314e-15       0.000000000000e+00       0.000000000000e+00       0.000000000000e+00 
  321       2.030302194428e-13       3.064413670195e-15       4.210836508475e-15       1.327082239800e-15       0.000000000000e+00       0.000000000000e+00       0.000000000000e+00 
  322       2.026977270763e-13       3.033743660394e-15       4.654040106417e-15       1.311360295901e-15       0.000000000000e+00       0.000000000000e+00       0.000000000000e+00 
  323       2.026032581126e-13       3.002366424197e-15       5.084894967284e-15       1.295787747435e-15       0.000000000000e+00       0.000000000000e+00       0.000000000000e+00 
  324       2.027349244371e-13       2.970326902874e-15       5.502739976166e-15       1.280381466941e-15       0.000000000000e+00       0.000000000000e+00       0.000000000000e+00 
  325       2.030804593225e-13       2.937671269271e-15       5.906903158161e-15       1.265158632661e-15       0.000000000000e+00       0.000000000000e+00       0.000000000000e+00 
  326       2.036272142924e-13       2.904446937414e-15       6.296701610370e-15       1.250136730520e-15       0.000000000000e+00       0.000000000000e+00       0.000000000000e+00 
  327       2.043621559852e-13       2.870702572114e-15       6.671441433894e-15       1.235333556104e-15       0.000000000000e+00       0.000000000000e+00       0.000000000000e+00 
  328       2.052718630172e-13       2.836488098570e-15       7.030417665823e-15       1.220767216642e-15       0.000000000000e+00       0.000000000000e+00       0.000000000000e+00 
  329       2.063425228466e-13       2.801854711976e-15       7.372914211234e-15       1.206456132985e-15       0.000000000000e+00       0.000000000000e+00       0.000000000000e+00 
  330       2.075599286372e-13       2.766854887122e-15       7.698203775185e-15       1.192419041581e-15       0.000000000000e+00       0.000000000000e+00       0.000000000000e+00 
  331       2.089094761215e-13       2.731542388003e-15       8.005547794708e-15       1.178674996461e-15       0.000000000000e+00       0.000000000000e+00       0.000000000000e+00 
  332       2.103779948761e-13       2.695966716212e-15       8.294345569263e-15       1.165240190610e-15       0.000000000000e+00       0.000000000000e+00       0.000000000000e+00 
  333       2.119593368244e-13       2.660156168910e-15       8.564588978401e-15       1.152118262841e-15       0.000000000000e+00       0.000000000000e+00       0.000000000000e+00 
  334       2.136490254716e-13       2.624134060323e-15       8.816427474253e-15       1.139309571797e-15       0.000000000000e+00       0.000000000000e+00       0.000000000000e+00 
  335       2.154424423501e-13       2.587924219815e-15       9.050020766485e-15       1.126814336944e-15       0.000000000000e+00       0.000000000000e+00       0.000000000000e+00 
  336       2.173348258742e-13       2.551550995460e-15       9.265538916235e-15       1.114632637091e-15       0.000000000000e+00       0.000000000000e+00       0.000000000000e+00 
  337       2.193212701944e-13       2.515039257608e-15       9.463162430052e-15       1.102764408921e-15       0.000000000000e+00       0.000000000000e+00       0.000000000000e+00 
  338       2.213967240529e-13       2.478414402452e-15       9.643082353831e-15       1.091209445517e-15       0.000000000000e+00       0.000000000000e+00       0.000000000000e+00 
  339       2.235559896376e-13       2.441702355600e-15       9.805500366755e-15       1.079967394890e-15       0.000000000000e+00       0.000000000000e+00       0.000000000000e+00 
  340       2.257937214371e-13       2.404929575638e-15       9.950628875230e-15       1.069037758506e-15       0.000000000000e+00       0.000000000000e+00       0.000000000000e+00 
  341       2.281044250956e-13       2.368123057705e-15       1.007869110682e-14       1.058419889814e-15       0.000000000000e+00       0.000000000000e+00       0.000000000000e+00 
  342       2.304824562673e-13       2.331310337055e-15       1.018992120419e-14       1.048112992770e-15       0.000000000000e+00       0.000000000000e+00       0.000000000000e+00 
  343       2.329220194713e-13       2.294519492628e-15       1.028456431905e-14       1.038116120369e-15       0.000000000000e+00       0.000000000000e+00       0.000000000000e+00 
  344       2.354171669462e-13       2.257779150620e-15       1.036287670607e-14       1.028428173170e-15       0.000000000000e+00       0.000000000000e+00       0.000000000000e+00 
  345       2.379617975052e-13       2.221118488046e-15       1.042512581684e-14       1.019047897822e-15       0.000000000000e+00       0.000000000000e+00       0.000000000000e+00 
  346       2.405496553902e-13       2.184567236315e-15       1.047159039379e-14       1.009973885593e-15       0.000000000000e+00       0.000000000000e+00       0.000000000000e+00 
  347       2.431743291269e-13       2.148155684792e-15       1.050256056416e-14       1.001204570898e-15       0.000000000000e+00       0.000000000000e+00       0.000000000000e+00 
  348       2.458292503797e-13       2.111914684371e-15       1.051833793390e-14       9.927382298226e-16       0.000000000000e+00       0.000000000000e+00       0.000000000000e+00 
  349       2.485076928061e-13       2.075875651039e-15       1.051923568161e-14       9.845729786558e-16       0.000000000000e+00       0.000000000000e+00       0.000000000000e+00 
  350       2.512027709112e-13       2.040070569449e-15       1.050557865253e-14       9.767067724121e-16       0.000000000000e+00       0.000000000000e+00       0.000000000000e+00 
  351       2.539074389032e-13       2.004531996484e-15       1.047770345240e-14       9.691374033617e-16       0.000000000000e+00       0.000000000000e+00       0.000000000000e+00 
  352       2.566144895474e-13       1.969293064828e-15       1.043595854144e-14       9.618624995567e-16       0.000000000000e+00       0.000000000000e+00       0.000000000000e+00 
  353       2.593165530213e-13       1.934387486533e-15       1.038070432832e-14       9.548795233589e-16       0.000000000000e+00       0.000000000000e+00       0.000000000000e+00 
  354       2.620060957689e-13       1.899849556587e-15       1.031231326403e-14       9.481857699666e-16       0.000000000000e+00       0.000000000000e+00       0.000000000000e+00 
  355       2.646754193562e-13       1.865714156484e-15       1.023116993584e-14       9.417783659421e-16       0.000000000000e+00       0.000000000000e+00       0.000000000000e+00 
  356       2.673166593251e-13       1.832016757788e-15       1.013767116129e-14       9.356542677392e-16       0.000000000000e+00       0.000000000000e+00       0.000000000000e+00 
  357       2.699217840484e-13       1.798793425709e-15       1.003222608204e-14       9.298102602299e-16       0.000000000000e+00       0.000000000000e+00       0.000000000000e+00 
  358       2.724825935850e-13       1.766080822661e-15       9.915256257879e-15       9.242429552321e-16       0.000000000000e+00       0.000000000000e+00       0.000000000000e+00 
  359       2.749907185337e-13       1.733916211840e-15       9.787195760635e-15       9.189487900370e-16       0.000000000000e+00       0.000000000000e+00       0.000000000000e+00 
  360       2.774376188887e-13       1.702337460787e-15       9.648491268107e-15       9.139240259358e-16       0.000000000000e+00       0.000000000000e+00       0.000000000000e+00 
  361       2.798145828942e-13       1.671383044956e-15       9.499602158014e-15       9.091647467473e-16       0.000000000000e+00       0.000000000000e+00       0.000000000000e+00 
  362       2.821127258985e-13       1.641092051283e-15       9.341000601928e-15       9.046668573455e-16       0.000000000000e+00       0.000000000000e+00       0.000000000000e+00 
  363       2.843229892096e-13       1.611504181758e-15       9.173171659214e-15       9.004260821862e-16       0.000000000000e+00       0.000000000000e+00       0.000000000000e+00 
  364       2.864361389494e-13       1.582659756986e-15       8.996613370965e-15       8.964379638348e-16       0.000000000000e+00       0.000000000000e+00       0.000000000000e+00 
  365       2.884427649084e-13       1.554599719762e-15       8.811836853944e-15       8.926978614933e-16       0.000000000000e+00       0.000000000000e+00       0.000000000000e+00 
  366       2.903332794008e-13       1.527365638636e-15       8.619366394515e-15       8.892009495277e-16       0.000000000000e+00       0.000000000000e+00       0.000000000000e+00 
  367       2.920979161187e-13       1.500999711479e-15       8.419739542589e-15       8.859422159950e-16       0.000000000000e+00       0.000000000000e+00       0.000000000000e+00 
  368       2.937267289872e-13       1.475544769057e-15       8.213507205554e-15       8.829164611710e-16       0.000000000000e+00       0.000000000000e+00       0.000000000000e+00 
  369       2.952095910192e-13       1.451044278596e-15       8.001233742220e-15       8.801182960771e-16       0.000000000000e+00       0.000000000000e+00       0.000000000000e+00 
  370       2.965361931696e-13       1.427542347349e-15       7.783497056750e-15       8.775421410078e-16       0.000000000000e+00       0.000000000000e+00       0.000000000000e+00 
  371       2.976980794469e-13       1.405075088284e-15       7.560830229143e-15       8.751823533831e-16       0.000000000000e+00       0.000000000000e+00       0.000000000000e+00 
  372       2.986948423531e-13       1.383644337480e-15       7.333543697458e-15       8.730336198301e-16       0.000000000000e+00       0.000000000000e+00       0.000000000000e+00 
  373       2.995281674466e-13       1.363242916047e-15       7.101896306920e-15       8.710905765445e-16       0.000000000000e+00       0.000000000000e+00       0.000000000000e+00 
  374       3.001998195766e-13       1.343863171314e-15       6.866153188687e-15       8.693476799937e-16       0.000000000000e+00       0.000000000000e+00       0.000000000000e+00 
  375       3.007116435084e-13       1.325496972882e-15       6.626585802956e-15       8.677992055563e-16       0.000000000000e+00       0.000000000000e+00       0.000000000000e+00 
  376       3.010655645485e-13       1.308135708687e-15       6.383471982069e-15       8.664392461622e-16       0.000000000000e+00       0.000000000000e+00       0.000000000000e+00 
  377       3.012635891701e-13       1.291770281052e-15       6.137095973615e-15       8.652617109319e-16       0.000000000000e+00       0.000000000000e+00       0.000000000000e+00 
  378       3.013078056380e-13       1.276391102752e-15       5.887748483536e-15       8.642603238167e-16       0.000000000000e+00       0.000000000000e+00       0.000000000000e+00 
  379       3.012003846343e-13       1.261988093062e-15       5.635726719231e-15       8.634286222380e-16       0.000000000000e+00       0.000000000000e+00       0.000000000000e+00 
  380       3.009435798829e-13       1.248550673825e-15       5.381334432661e-15       8.627599557271e-16       0.000000000000e+00       0.000000000000e+00       0.000000000000e+00 
  381       3.005397287755e-13       1.236067765502e-15       5.124881963450e-15       8.622474845650e-16       0.000000000000e+00       0.000000000000e+00       0.000000000000e+00 
  382       2.999912529963e-13       1.224527783234e-15       4.866686281995e-15       8.618841784223e-16       0.000000000000e+00       0.000000000000e+00       0.000000000000e+00 
  383       2.993006591474e-13       1.213918632895e-15       4.607071032565e-15       8.616628149983e-16       0.000000000000e+00       0.000000000000e+00       0.000000000000e+00 
  384       2.984705393741e-13       1.204227707158e-15       4.346366576411e-15       8.615759786615e-16       0.000000000000e+00       0.000000000000e+00       0.000000000000e+00 
  385       2.975035719898e-13       1.195441881544e-15       4.084910034863e-15       8.616160590889e-16       0.000000000000e+00       0.000000000000e+00       0.000000000000e+00 
  386       2.964025221019e-13       1.187547510484e-15       3.823045332442e-15       8.617752499055e-16       0.000000000000e+00       0.000000000000e+00       0.000000000000e+00 
  387       2.951702422361e-13       1.180530423376e-15       3.561123239959e-15       8.620455473246e-16       0.000000000000e+00       0.000000000000e+00       0.000000000000e+00 
  388       2.938096729625e-13       1.174375920644e-15       3.299501417623e-15       8.624187487868e-16       0.000000000000e+00       0.000000000000e+00       0.000000000000e+00 
  389       2.923238435203e-13       1.169068769791e-15       3.038544458141e-15       8.628864516006e-16       0.000000000000e+00       0.000000000000e+00       0.000000000000e+00 
  390       2.907158724430e-13       1.164593201465e-15       2.778623929829e-15       8.634400515813e-16       0.000000000000e+00       0.000000000000e+00       0.000000000000e+00 
  391       2.889889681842e-13       1.160932905507e-15       2.520118419709e-15       8.640707416910e-16       0.000000000000e+00       0.000000000000e+00       0.000000000000e+00 
  392       2.871464297419e-13       1.158071027017e-15       2.263413576618e-15       8.647695106786e-16       0.000000000000e+00       0.000000000000e+00       0.000000000000e+00 
  393       2.851916472847e-13       1.155990162405e-15       2.008902154312e-15       8.655271417191e-16       0.000000000000e+00       0.000000000000e+00       0.000000000000e+00 
  394       2.831281027763e-13       1.154672355456e-15       1.756984054569e-15       8.663342110536e-16       0.000000000000e+00       0.000000000000e+00       0.000000000000e+00 
  395       2.809593706011e-13       1.154099093379e-15       1.508066370295e-15       8.671810866287e-16       0.000000000000e+00       0.000000000000e+00       0.000000000000e+00 
  396       2.786891181892e-13       1.154251302872e-15       1.262563428626e-15       8.680579267366e-16       0.000000000000e+00       0.000000000000e+00       0.000000000000e+00 
  397       2.763211066418e-13       1.155109346176e-15       1.020896834035e-15       8.689546786547e-16       0.000000000000e+00       0.000000000000e+00       0.000000000000e+00 
  398       2.738591913565e-13       1.156653017136e-15       7.834955114338e-16       8.698610772852e-16       0.000000000000e+00       0.000000000000e+00       0.000000000000e+00 
  399       2.713073226522e-13       1.158861537251e-15       5.507957492803e-16       8.707666437946e-16       0.000000000000e+00       0.000000000000e+00       0.000000000000e+00 
  400       2.686695463946e-13       1.161713551744e-15       3.232412426806e-16       8.716606842542e-16       0.000000000000e+00       0.000000000000e+00       0.000000000000e+00 
  401       2.659500046212e-13       1.165187125606e-15       1.012831364945e-16       8.725322882788e-16       0.000000000000e+00       0.000000000000e+00       0.000000000000e+00 
  402       2.631529361670e-13       1.169259739665e-15      -1.146199315608e-16       8.733703276673e-16       0.000000000000e+00       0.000000000000e+00       0.000000000000e+00 
  403       2.602826772890e-13       1.173908286638e-15      -3.240017878056e-16       8.741634550419e-16       0.000000000000e+00       0.000000000000e+00       0.000000000000e+00 
  404       2.573436622920e-13       1.179109067189e-15      -5.263886794940e-16       8.749001024879e-16       0.000000000000e+00       0.000000000000e+00       0.000000000000e+00 
  405       2.543404241537e-13       1.184837785988e-15      -7.212992317089e-16       8.755684801935e-16       0.000000000000e+00       0.000000000000e+00       0.000000000000e+00 
  406       2.512775951497e-13       1.191069547768e-15      -9.082444042581e-16       8.761565750896e-16       0.000000000000e+00       0.000000000000e+00       0.000000000000e+00 
  407       2.481599074791e-13       1.197778853384e-15      -1.086727448570e-15       8.766521494892e-16       0.000000000000e+00       0.000000000000e+00       0.000000000000e+00 
  408       2.449921938892e-13       1.204939595868e-15      -1.256243864588e-15       8.770427397275e-16       0.000000000000e+00       0.000000000000e+00       0.000000000000e+00 
  409       2.417793883013e-13       1.212525056490e-15      -1.416281357667e-15       8.773156548014e-16       0.000000000000e+00       0.000000000000e+00       0.000000000000e+00 
  410       2.385260829470e-13       1.220509679596e-15      -1.566421345279e-15       8.774601572674e-16       0.000000000000e+00       0.000000000000e+00       0.000000000000e+00 
  411       2.352351812213e-13       1.228874474436e-15      -1.706647526240e-15       8.774740938175e-16       0.000000000000e+00       0.000000000000e+00       0.000000000000e+00 
  412       2.319091983436e-13       1.237601796918e-15      -1.837048155848e-15       8.773574968759e-16       0.000000000000e+00       0.000000000000e+00       0.000000000000e+00 
  413       2.285507008455e-13       1.246673585437e-15      -1.957715512391e-15       8.771104237467e-16       0.000000000000e+00       0.000000000000e+00       0.000000000000e+00 
  414       2.251623068800e-13       1.256071358201e-15      -2.068745926364e-15       8.767329568080e-16       0.000000000000e+00       0.000000000000e+00       0.000000000000e+00 
  415       2.217466865304e-13       1.265776210554e-15      -2.170239809680e-15       8.762252037055e-16       0.000000000000e+00       0.000000000000e+00       0.000000000000e+00 
  416       2.183065621205e-13       1.275768812306e-15      -2.262301684881e-15       8.755872975465e-16       0.000000000000e+00       0.000000000000e+00       0.000000000000e+00 
  417       2.148447085233e-13       1.286029405047e-15      -2.345040214352e-15       8.748193970933e-16       0.000000000000e+00       0.000000000000e+00       0.000000000000e+00 
  418       2.113639534709e-13       1.296537799482e-15      -2.418568229527e-15       8.739216869571e-16       0.000000000000e+00       0.000000000000e+00       0.000000000000e+00 
  419       2.078671778635e-13       1.307273372749e-15      -2.483002760106e-15       8.728943777919e-16       0.000000000000e+00       0.000000000000e+00       0.000000000000e+00 
  420       2.043573160794e-13       1.318215065745e-15      -2.538465063267e-15       8.717377064880e-16       0.000000000000e+00       0.000000000000e+00       0.000000000000e+00 
  421       2.008373562837e-13       1.329341380451e-15      -2.585080652872e-15       8.704519363660e-16       0.000000000000e+00       0.000000000000e+00       0.000000000000e+00 
  422       1.973103407380e-13       1.340630377257e-15      -2.622979328684e-15       8.690373573705e-16       0.000000000000e+00       0.000000000000e+00       0.000000000000e+00 
  423       1.937793661102e-13       1.352059672285e-15      -2.652295205579e-15       8.674942862636e-16       0.000000000000e+00       0.000000000000e+00       0.000000000000e+00 
  424       1.902475837831e-13       1.363606434712e-15      -2.673166742751e-15       8.658230668189e-16       0.000000000000e+00       0.000000000000e+00       0.000000000000e+00 
  425       1.867182001647e-13       1.375247384099e-15      -2.685736772933e-15       8.640240700153e-16       0.000000000000e+00       0.000000000000e+00       0.000000000000e+00 
  426       1.831944769967e-13       1.386958787711e-15      -2.690152531600e-15       8.620976942307e-16       0.000000000000e+00       0.000000000000e+00       0.000000000000e+00 
  427       1.796797316647e-13       1.398716457844e-15      -2.686565686187e-15       8.600443654356e-16       0.000000000000e+00       0.000000000000e+00       0.000000000000e+00 
  428       1.761773375071e-13       1.410495749148e-15      -2.675132365298e-15       8.578645373869e-16       0.000000000000e+00       0.000000000000e+00       0.000000000000e+00 
  429       1.726907241249e-13       1.422271555952e-15      -2.656013187916e-15       8.555586918220e-16       0.000000000000e+00       0.000000000000e+00       0.000000000000e+00 
  430       1.692233776905e-13       1.434018309590e-15      -2.629373292620e-15       8.531273386519e-16       0.000000000000e+00       0.000000000000e+00       0.000000000000e+00 
  431       1.657788412579e-13       1.445709975720e-15      -2.595382366790e-15       8.505710161557e-16       0.000000000000e+00       0.000000000000e+00       0.000000000000e+00 
  432       1.623607150713e-13       1.457320051656e-15      -2.554214675822e-15       8.478902911738e-16       0.000000000000e+00       0.000000000000e+00       0.000000000000e+00 
  433       1.589726568752e-13       1.468821563687e-15      -2.506049092342e-15       8.450857593019e-16       0.000000000000e+00       0.000000000000e+00       0.000000000000e+00 
  434       1.556183822235e-13       1.480187064403e-15      -2.451069125414e-15       8.421580450845e-16       0.000000000000e+00       0.000000000000e+00       0.000000000000e+00 
  435       1.523016647886e-13       1.491388630019e-15      -2.389462949752e-15       8.391078022093e-16       0.000000000000e+00       0.000000000000e+00       0.000000000000e+00 
  436       1.490263366715e-13       1.502397857700e-15      -2.321423434932e-15       8.359357137000e-16       0.000000000000e+00       0.000000000000e+00       0.000000000000e+00 
  437       1.457962887107e-13       1.513185862887e-15      -2.247148174607e-15       8.326424921110e-16       0.000000000000e+00       0.000000000000e+00       0.000000000000e+00 
  438       1.426154707915e-13       1.523723276617e-15      -2.166839515713e-15       8.292288797204e-16       0.000000000000e+00       0.000000000000e+00       0.000000000000e+00 
  439       1.394878921559e-13       1.533980242851e-15      -2.080704587686e-15       8.256956487241e-16       0.000000000000e+00       0.000000000000e+00       0.000000000000e+00 
  440       1.364176217117e-13       1.543926415799e-15      -1.988955331668e-15       8.220436014298e-16       0.000000000000e+00       0.000000000000e+00       0.000000000000e+00 
  441       1.334087883419e-13       1.553530957241e-15      -1.891808529724e-15       8.182735704503e-16       0.000000000000e+00       0.000000000000e+00       0.000000000000e+00 
  442       1.304655812142e-13       1.562762533854e-15      -1.789485834051e-15       8.143864188972e-16       0.000000000000e+00       0.000000000000e+00       0.000000000000e+00 
  443       1.275922500902e-13       1.571589314536e-15      -1.682213796190e-15       8.103830405754e-16       0.000000000000e+00       0.000000000000e+00       0.000000000000e+00 
  444       1.247931056353e-13       1.579978967728e-15      -1.570223896238e-15       8.062643601759e-16       0.000000000000e+00       0.000000000000e+00       0.000000000000e+00 
  445       1.220725197273e-13       1.587898658744e-15      -1.453752572060e-15       8.020313334702e-16       0.000000000000e+00       0.000000000000e+00       0.000000000000e+00 
  446       1.194349257667e-13       1.595315047090e-15      -1.333041248498e-15       7.976849475039e-16       0.000000000000e+00       0.000000000000e+00       0.000000000000e+00 
  447       1.168848189855e-13       1.602194283790e-15      -1.208336366587e-15       7.932262207903e-16       0.000000000000e+00       0.000000000000e+00       0.000000000000e+00 
  448       1.144267567568e-13       1.608502008712e-15      -1.079889412763e-15       7.886562035043e-16       0.000000000000e+00       0.000000000000e+00       0.000000000000e+00 
  449       1.120644384817e-13       1.614209750892e-15      -9.479416717161e-16       7.839763629170e-16       0.000000000000e+00       0.000000000000e+00       0.000000000000e+00 
  450       1.097979118322e-13       1.619314363038e-15      -8.126778821465e-16       7.791897530410e-16       0.000000000000e+00       0.000000000000e+00       0.000000000000e+00 
  451       1.076262766837e-13       1.623819210853e-15      -6.742711383331e-16       7.742998832270e-16       0.000000000000e+00       0.000000000000e+00       0.000000000000e+00 
  452       1.055485971280e-13       1.627727828011e-15      -5.328980509943e-16       7.693103367669e-16       0.000000000000e+00       0.000000000000e+00       0.000000000000e+00 
  453       1.035639012360e-13       1.631043917288e-15      -3.887387674264e-16       7.642247713159e-16       0.000000000000e+00       0.000000000000e+00       0.000000000000e+00 
  454       1.016711808205e-13       1.633771351685e-15      -2.419769916431e-16       7.590469193149e-16       0.000000000000e+00       0.000000000000e+00       0.000000000000e+00 
  455       9.986939119885e-14       1.635914175559e-15      -9.280000451407e-17       7.537805884135e-16       0.000000000000e+00       0.000000000000e+00       0.000000000000e+00 
  456       9.815745095578e-14       1.637476605746e-15       5.860131609642e-17       7.484296618922e-16       0.000000000000e+00       0.000000000000e+00       0.000000000000e+00 
  457       9.653424170612e-14       1.638463032691e-15       2.120324751903e-16       7.429980990851e-16       0.000000000000e+00       0.000000000000e+00       0.000000000000e+00 
  458       9.499860785760e-14       1.638878021578e-15       3.672953404972e-16       7.374899358024e-16       0.000000000000e+00       0.000000000000e+00       0.000000000000e+00 
  459       9.354935637358e-14       1.638726313449e-15       5.241881223353e-16       7.319092847530e-16       0.000000000000e+00       0.000000000000e+00       0.000000000000e+00 
  460       9.218525653580e-14       1.638012826341e-15       6.825053534725e-16       7.262603359670e-16       0.000000000000e+00       0.000000000000e+00       0.000000000000e+00 
  461       9.090503970714e-14       1.636742656405e-15       8.420378689882e-16       7.205473572182e-16       0.000000000000e+00       0.000000000000e+00       0.000000000000e+00 
  462       8.970739909440e-14       1.634921079039e-15       1.002572786133e-15       7.147746944470e-16       0.000000000000e+00       0.000000000000e+00       0.000000000000e+00 
  463       8.859098951101e-14       1.632553550011e-15       1.163893484193e-15       7.089467721823e-16       0.000000000000e+00       0.000000000000e+00       0.000000000000e+00 
  464       8.755442713982e-14       1.629645706591e-15       1.325779584346e-15       7.030680939650e-16       0.000000000000e+00       0.000000000000e+00       0.000000000000e+00 
  465       8.659628929585e-14       1.626203368672e-15       1.488006929526e-15       6.971432427694e-16       0.000000000000e+00       0.000000000000e+00       0.000000000000e+00 
  466       8.571511418903e-14       1.622232539904e-15       1.650347564287e-15       6.911768814267e-16       0.000000000000e+00       0.000000000000e+00       0.000000000000e+00 
  467       8.490940068697e-14       1.617739408816e-15       1.812569714656e-15       6.851737530471e-16       0.000000000000e+00       0.000000000000e+00       0.000000000000e+00 
  468       8.417760807772e-14       1.612730349945e-15       1.974437768004e-15       6.791386814427e-16       0.000000000000e+00       0.000000000000e+00       0.000000000000e+00 
  469       8.351815583251e-14       1.607211924964e-15       2.135712252898e-15       6.730765715493e-16       0.000000000000e+00       0.000000000000e+00       0.000000000000e+00 
  470       8.292942336852e-14       1.601190883809e-15       2.296149818970e-15       6.669924098501e-16       0.000000000000e+00       0.000000000000e+00       0.000000000000e+00 
  471       8.240974981163e-14       1.594674165805e-15       2.455503216772e-15       6.608912647971e-16       0.000000000000e+00       0.000000000000e+00       0.000000000000e+00 
  472       8.195743375916e-14       1.587668900795e-15       2.613521277641e-15       6.547782872345e-16       0.000000000000e+00       0.000000000000e+00       0.000000000000e+00 
  473       8.157073304267e-14       1.580182410266e-15       2.769948893559e-15       6.486587108208e-16       0.000000000000e+00       0.000000000000e+00       0.000000000000e+00 
  474       8.124786449065e-14       1.572222208475e-15       2.924526997015e-15       6.425378524515e-16       0.000000000000e+00       0.000000000000e+00       0.000000000000e+00 
  475       8.098700369135e-14       1.563796003581e-15       3.076992540863e-15       6.364211126816e-16       0.000000000000e+00       0.000000000000e+00       0.000000000000e+00 
  476       8.078628475547e-14       1.554911698766e-15       3.227078478187e-15       6.303139761484e-16       0.000000000000e+00       0.000000000000e+00       0.000000000000e+00 
  477       8.064380007894e-14       1.545577393366e-15       3.374513742160e-15       6.242220119936e-16       0.000000000000e+00       0.000000000000e+00       0.000000000000e+00 
  478       8.055760010571e-14       1.535801384000e-15       3.519023225906e-15       6.181508742862e-16       0.000000000000e+00       0.000000000000e+00       0.000000000000e+00 
  479       8.052569309045e-14       1.525592165690e-15       3.660327762361e-15       6.121063024451e-16       0.000000000000e+00       0.000000000000e+00       0.000000000000e+00 
  480       8.054604486133e-14       1.514958432998e-15       3.798144104134e-15       6.060941216612e-16       0.000000000000e+00       0.000000000000e+00       0.000000000000e+00 
  481       8.061657858279e-14       1.503909081145e-15       3.932184903369e-15       6.001202433205e-16       0.000000000000e+00       0.000000000000e+00       0.000000000000e+00 
  482       8.073517451827e-14       1.492453207142e-15       4.062158691603e-15       5.941906654264e-16       0.000000000000e+00       0.000000000000e+00       0.000000000000e+00 
  483       8.089966979297e-14       1.480600110916e-15       4.187769859633e-15       5.883114730223e-16       0.000000000000e+00       0.000000000000e+00       0.000000000000e+00 
  484       8.110785815665e-14       1.468359296441e-15       4.308718637371e-15       5.824888386139e-16       0.000000000000e+00       0.000000000000e+00       0.000000000000e+00 
  485       8.135748974630e-14       1.455740472858e-15       4.424701073708e-15       5.767290225923e-16       0.000000000000e+00       0.000000000000e+00       0.000000000000e+00 
  486       8.164627084897e-14       1.442753555609e-15       4.535409016377e-15       5.710383736561e-16       0.000000000000e+00       0.000000000000e+00       0.000000000000e+00 
  487       8.197186366450e-14       1.429408667561e-15       4.640530091811e-15       5.654233292340e-16       0.000000000000e+00       0.000000000000e+00       0.000000000000e+00 
  488       8.233203760395e-14       1.415716818176e-15       4.739808460456e-15       5.598894179176e-16       0.000000000000e+00       0.000000000000e+00       0.000000000000e+00 
  489       8.272512862779e-14       1.401691960998e-15       4.833229115627e-15       5.544382331927e-16       0.000000000000e+00       0.000000000000e+00       0.000000000000e+00 
  490       8.314959313055e-14       1.387348999710e-15       4.920839037880e-15       5.490703703444e-16       0.000000000000e+00       0.000000000000e+00       0.000000000000e+00 
  491       8.360385748245e-14       1.372703117096e-15       5.002686926619e-15       5.437864162129e-16       0.000000000000e+00       0.000000000000e+00       0.000000000000e+00 
  492       8.408631786825e-14       1.357769776518e-15       5.078823210515e-15       5.385869491136e-16       0.000000000000e+00       0.000000000000e+00       0.000000000000e+00 
  493       8.459534012633e-14       1.342564723376e-15       5.149300057931e-15       5.334725387585e-16       0.000000000000e+00       0.000000000000e+00       0.000000000000e+00 
  494       8.512925958754e-14       1.327103986578e-15       5.214171387347e-15       5.284437461762e-16       0.000000000000e+00       0.000000000000e+00       0.000000000000e+00 
  495       8.568638091424e-14       1.311403880013e-15       5.273492877780e-15       5.235011236333e-16       0.000000000000e+00       0.000000000000e+00       0.000000000000e+00 
  496       8.626497793920e-14       1.295481004013e-15       5.327321979207e-15       5.186452145545e-16       0.000000000000e+00       0.000000000000e+00       0.000000000000e+00 
  497       8.686329350460e-14       1.279352246823e-15       5.375717922991e-15       5.138765534438e-16       0.000000000000e+00       0.000000000000e+00       0.000000000000e+00 
  498       8.747953930095e-14       1.263034786074e-15       5.418741732302e-15       5.091956658046e-16       0.000000000000e+00       0.000000000000e+00       0.000000000000e+00 
  499       8.811189570609e-14       1.246546090242e-15       5.456456232540e-15       5.046030680611e-16       0.000000000000e+00       0.000000000000e+00       0.000000000000e+00 
  500       8.875851162410e-14       1.229903920126e-15       5.488926061760e-15       5.000992674784e-16       0.000000000000e+00       0.000000000000e+00       0.000000000000e+00 
