# dimensionless [l(l+1)/2pi] C_l's for tensor mode
# for l=2 to 500, i.e. number of multipoles equal to 499
#
# -> if you prefer output in CAMB/HealPix/LensPix units/order, set 'format' to 'camb' in input file
# -> if you don't want to see such a header, set 'headers' to 'no' in input file
# -> for CMB lensing (phi), these are C_l^phi-phi for the lensing potential.
#    Remember the conversion factors:
#    C_l^dd (deflection) = l(l+1) C_l^phi-phi
#    C_l^gg (shear/convergence) = 1/4 (l(l+1))^2 C_l^phi-phi
#
# 1:l     2:TT                     3:EE                     4:TE                     5:BB                     6:phiphi                 7:TPhi                   8:Ephi               
    2       1.412338023210e-10       2.169183162515e-15       1.961616654228e-13       4.066461517498e-15       0.000000000000e+00       0.000000000000e+00       0.000000000000e+00 
    3       1.082708606364e-10       2.023340522003e-15       3.417339738011e-14       3.821397265524e-15       0.000000000000e+00       0.000000000000e+00       0.000000000000e+00 
    4       9.743032522793e-11       1.655100405938e-15      -1.351386113543e-14       3.088542548604e-15       0.000000000000e+00       0.000000000000e+00       0.000000000000e+00 
    5       9.298799636422e-11       1.180035665885e-15      -2.630468068849e-14       2.242171925535e-15       0.000000000000e+00       0.000000000000e+00       0.000000000000e+00 
    6       9.042626853065e-11       7.768357104867e-16      -2.842214933133e-14       1.514778066824e-15       0.000000000000e+00       0.000000000000e+00       0.000000000000e+00 
    7       8.883334519569e-11       5.278960396229e-16      -2.802124751122e-14       1.000181494146e-15       0.000000000000e+00       0.000000000000e+00       0.000000000000e+00 
    8       8.776072486222e-11       4.311056666990e-16      -2.812902498162e-14       6.995671376770e-16       0.000000000000e+00       0.000000000000e+00       0.000000000000e+00 
    9       8.697544443783e-11       4.435061304429e-16      -2.955264833661e-14       5.700478779679e-16       0.000000000000e+00       0.000000000000e+00       0.000000000000e+00 
   10       8.634878850994e-11       5.183253820613e-16      -3.226077682011e-14       5.578675123970e-16       0.000000000000e+00       0.000000000000e+00       0.000000000000e+00 
   11       8.580577356735e-11       6.223299225171e-16      -3.599204037250e-14       6.168851328287e-16       0.000000000000e+00       0.000000000000e+00       0.000000000000e+00 
   12       8.530168140133e-11       7.387708360265e-16      -4.049581584676e-14       7.144161077804e-16       0.000000000000e+00       0.000000000000e+00       0.000000000000e+00 
   13       8.480989053732e-11       8.616404108387e-16      -4.560566319957e-14       8.313980816613e-16       0.000000000000e+00       0.000000000000e+00       0.000000000000e+00 
   14       8.431502147584e-11       9.903865373943e-16      -5.122847066943e-14       9.581644097342e-16       0.000000000000e+00       0.000000000000e+00       0.000000000000e+00 
   15       8.380858480714e-11       1.125419641788e-15      -5.732010727664e-14       1.091116362676e-15       0.000000000000e+00       0.000000000000e+00       0.000000000000e+00 
   16       8.328611497761e-11       1.267171159196e-15      -6.386212820770e-14       1.229041967179e-15       0.000000000000e+00       0.000000000000e+00       0.000000000000e+00 
   17       8.274555631121e-11       1.415485547859e-15      -7.084466406496e-14       1.371710379262e-15       0.000000000000e+00       0.000000000000e+00       0.000000000000e+00 
   18       8.218030083789e-11       1.569749318271e-15      -7.826029060966e-14       1.519305366347e-15       0.000000000000e+00       0.000000000000e+00       0.000000000000e+00 
   19       8.160845467616e-11       1.729663467584e-15      -8.609459051946e-14       1.671719228140e-15       0.000000000000e+00       0.000000000000e+00       0.000000000000e+00 
   20       8.101115280257e-11       1.895115691793e-15      -9.432159944891e-14       1.828800876274e-15       0.000000000000e+00       0.000000000000e+00       0.000000000000e+00 
   21       8.039911445053e-11       2.066009381303e-15      -1.029181637270e-13       1.990355193295e-15       0.000000000000e+00       0.000000000000e+00       0.000000000000e+00 
   22       7.976685901277e-11       2.242331187791e-15      -1.118561490177e-13       2.156185298719e-15       0.000000000000e+00       0.000000000000e+00       0.000000000000e+00 
   23       7.912252505446e-11       2.424228269300e-15      -1.211065384628e-13       2.325982359171e-15       0.000000000000e+00       0.000000000000e+00       0.000000000000e+00 
   24       7.846028805533e-11       2.611883059639e-15      -1.306367622569e-13       2.499430685919e-15       0.000000000000e+00       0.000000000000e+00       0.000000000000e+00 
   25       7.778349113252e-11       2.805086103275e-15      -1.404195257129e-13       2.676342406378e-15       0.000000000000e+00       0.000000000000e+00       0.000000000000e+00 
   26       7.708688195360e-11       3.003481422750e-15      -1.504274664444e-13       2.856571002230e-15       0.000000000000e+00       0.000000000000e+00       0.000000000000e+00 
   27       7.638090329483e-11       3.206747102774e-15      -1.606352624943e-13       3.039849776613e-15       0.000000000000e+00       0.000000000000e+00       0.000000000000e+00 
   28       7.566668438924e-11       3.414540980427e-15      -1.710165280615e-13       3.225872167428e-15       0.000000000000e+00       0.000000000000e+00       0.000000000000e+00 
   29       7.493303571188e-11       3.626509289604e-15      -1.815437707012e-13       3.414331026813e-15       0.000000000000e+00       0.000000000000e+00       0.000000000000e+00 
   30       7.418653268830e-11       3.842403569346e-15      -1.921930712758e-13       3.604937857327e-15       0.000000000000e+00       0.000000000000e+00       0.000000000000e+00 
   31       7.343017283613e-11       4.062009096429e-15      -2.029412470581e-13       3.797411244823e-15       0.000000000000e+00       0.000000000000e+00       0.000000000000e+00 
   32       7.265896185090e-11       4.285116027317e-15      -2.137648715584e-13       3.991465101106e-15       0.000000000000e+00       0.000000000000e+00       0.000000000000e+00 
   33       7.187702029502e-11       4.511521076137e-15      -2.246408956381e-13       4.186783971318e-15       0.000000000000e+00       0.000000000000e+00       0.000000000000e+00 
   34       7.108474519301e-11       4.741027212475e-15      -2.355463347533e-13       4.383037984303e-15       0.000000000000e+00       0.000000000000e+00       0.000000000000e+00 
   35       7.027756029317e-11       4.973432301528e-15      -2.464582858624e-13       4.579910859093e-15       0.000000000000e+00       0.000000000000e+00       0.000000000000e+00 
   36       6.946062169912e-11       5.208489746195e-15      -2.573543639270e-13       4.777176566334e-15       0.000000000000e+00       0.000000000000e+00       0.000000000000e+00 
   37       6.863787800318e-11       5.445933816377e-15      -2.682125168334e-13       4.974650507061e-15       0.000000000000e+00       0.000000000000e+00       0.000000000000e+00 
   38       6.780735146520e-11       5.685489286564e-15      -2.790109910956e-13       5.172171130869e-15       0.000000000000e+00       0.000000000000e+00       0.000000000000e+00 
   39       6.696399638408e-11       5.926884239604e-15      -2.897284385677e-13       5.369566913211e-15       0.000000000000e+00       0.000000000000e+00       0.000000000000e+00 
   40       6.611101647202e-11       6.169895230966e-15      -3.003441254007e-13       5.566540073935e-15       0.000000000000e+00       0.000000000000e+00       0.000000000000e+00 
   41       6.525132606978e-11       6.414316491904e-15      -3.108379009958e-13       5.762745732502e-15       0.000000000000e+00       0.000000000000e+00       0.000000000000e+00 
   42       6.438400577312e-11       6.659948239088e-15      -3.211902273263e-13       5.957821905099e-15       0.000000000000e+00       0.000000000000e+00       0.000000000000e+00 
   43       6.350634166532e-11       6.906581115292e-15      -3.313819427703e-13       6.151418691924e-15       0.000000000000e+00       0.000000000000e+00       0.000000000000e+00 
   44       6.262160615116e-11       7.153942748482e-15      -3.413933054921e-13       6.343299394936e-15       0.000000000000e+00       0.000000000000e+00       0.000000000000e+00 
   45       6.173306048264e-11       7.401735216623e-15      -3.512047657175e-13       6.533269021701e-15       0.000000000000e+00       0.000000000000e+00       0.000000000000e+00 
   46       6.084152403711e-11       7.649648979982e-15      -3.607972904559e-13       6.721147473322e-15       0.000000000000e+00       0.000000000000e+00       0.000000000000e+00 
   47       5.994514658945e-11       7.897362278631e-15      -3.701524117913e-13       6.906770331356e-15       0.000000000000e+00       0.000000000000e+00       0.000000000000e+00 
   48       5.904106136837e-11       8.144565367339e-15      -3.792536303613e-13       7.089972245251e-15       0.000000000000e+00       0.000000000000e+00       0.000000000000e+00 
   49       5.813142660830e-11       8.391042704325e-15      -3.880909809419e-13       7.270529720998e-15       0.000000000000e+00       0.000000000000e+00       0.000000000000e+00 
   50       5.721869577513e-11       8.636612895367e-15      -3.966578368144e-13       7.448203557317e-15       0.000000000000e+00       0.000000000000e+00       0.000000000000e+00 
   51       5.630375694701e-11       8.881106527564e-15      -4.049497814859e-13       7.622754738766e-15       0.000000000000e+00       0.000000000000e+00       0.000000000000e+00 
   52       5.538580104492e-11       9.124366834059e-15      -4.129647261223e-13       7.793944334930e-15       0.000000000000e+00       0.000000000000e+00       0.000000000000e+00 
   53       5.446343795349e-11       9.366241151614e-15      -4.207007523827e-13       7.961548429907e-15       0.000000000000e+00       0.000000000000e+00       0.000000000000e+00 
   54       5.353868514372e-11       9.606551184332e-15      -4.281487193840e-13       8.125407649813e-15       0.000000000000e+00       0.000000000000e+00       0.000000000000e+00 
   55       5.261377504092e-11       9.845116251982e-15      -4.352979603394e-13       8.285390195224e-15       0.000000000000e+00       0.000000000000e+00       0.000000000000e+00 
   56       5.168991925178e-11       1.008176210025e-14      -4.421384123200e-13       8.441378443138e-15       0.000000000000e+00       0.000000000000e+00       0.000000000000e+00 
   57       5.076722911750e-11       1.031632117943e-14      -4.486606383176e-13       8.593269476357e-15       0.000000000000e+00       0.000000000000e+00       0.000000000000e+00 
   58       4.984463626682e-11       1.054863292309e-14      -4.548558493063e-13       8.740975612893e-15       0.000000000000e+00       0.000000000000e+00       0.000000000000e+00 
   59       4.892077671283e-11       1.077853687446e-14      -4.607161725975e-13       8.884413268555e-15       0.000000000000e+00       0.000000000000e+00       0.000000000000e+00 
   60       4.799706333740e-11       1.100584956861e-14      -4.662354795712e-13       9.023465322096e-15       0.000000000000e+00       0.000000000000e+00       0.000000000000e+00 
   61       4.707518778599e-11       1.123038276463e-14      -4.714087895018e-13       9.158010930231e-15       0.000000000000e+00       0.000000000000e+00       0.000000000000e+00 
   62       4.615617383137e-11       1.145195016135e-14      -4.762320699570e-13       9.287936557144e-15       0.000000000000e+00       0.000000000000e+00       0.000000000000e+00 
   63       4.524033058916e-11       1.167036743357e-14      -4.807022672092e-13       9.413136108395e-15       0.000000000000e+00       0.000000000000e+00       0.000000000000e+00 
   64       4.432720573334e-11       1.188545226831e-14      -4.848173366463e-13       9.533511064831e-15       0.000000000000e+00       0.000000000000e+00       0.000000000000e+00 
   65       4.341617654928e-11       1.209702492695e-14      -4.885758655037e-13       9.648969100547e-15       0.000000000000e+00       0.000000000000e+00       0.000000000000e+00 
   66       4.250847366754e-11       1.230490998889e-14      -4.919757798860e-13       9.759419295784e-15       0.000000000000e+00       0.000000000000e+00       0.000000000000e+00 
   67       4.160550355672e-11       1.250893504299e-14      -4.950154174685e-13       9.864776146587e-15       0.000000000000e+00       0.000000000000e+00       0.000000000000e+00 
   68       4.070822010268e-11       1.270893024425e-14      -4.976939296659e-13       9.964961081082e-15       0.000000000000e+00       0.000000000000e+00       0.000000000000e+00 
   69       3.981709566571e-11       1.290472836474e-14      -5.000113006401e-13       1.005990255099e-14       0.000000000000e+00       0.000000000000e+00       0.000000000000e+00 
   70       3.893209213766e-11       1.309616484449e-14      -5.019683663071e-13       1.014953612311e-14       0.000000000000e+00       0.000000000000e+00       0.000000000000e+00 
   71       3.805263199915e-11       1.328307784250e-14      -5.035668333454e-13       1.023380457086e-14       0.000000000000e+00       0.000000000000e+00       0.000000000000e+00 
   72       3.717808874857e-11       1.346531287337e-14      -5.048089785835e-13       1.031265982412e-14       0.000000000000e+00       0.000000000000e+00       0.000000000000e+00 
   73       3.630943149083e-11       1.364273763443e-14      -5.056966381246e-13       1.038606904878e-14       0.000000000000e+00       0.000000000000e+00       0.000000000000e+00 
   74       3.544784519288e-11       1.381523013003e-14      -5.062320576307e-13       1.045400990501e-14       0.000000000000e+00       0.000000000000e+00       0.000000000000e+00 
   75       3.459422248792e-11       1.398267449091e-14      -5.064182062605e-13       1.051646892388e-14       0.000000000000e+00       0.000000000000e+00       0.000000000000e+00 
   76       3.374914659032e-11       1.414496112990e-14      -5.062587883790e-13       1.057344164131e-14       0.000000000000e+00       0.000000000000e+00       0.000000000000e+00 
   77       3.291287421066e-11       1.430198689751e-14      -5.057582552685e-13       1.062493273202e-14       0.000000000000e+00       0.000000000000e+00       0.000000000000e+00 
   78       3.208531847066e-11       1.445365523760e-14      -5.049218168381e-13       1.067095614347e-14       0.000000000000e+00       0.000000000000e+00       0.000000000000e+00 
   79       3.126603181812e-11       1.459987634299e-14      -5.037554533345e-13       1.071153522975e-14       0.000000000000e+00       0.000000000000e+00       0.000000000000e+00 
   80       3.045456452815e-11       1.474056396615e-14      -5.022654887301e-13       1.074669801584e-14       0.000000000000e+00       0.000000000000e+00       0.000000000000e+00 
   81       2.965164949395e-11       1.487562487089e-14      -5.004571998026e-13       1.077646174843e-14       0.000000000000e+00       0.000000000000e+00       0.000000000000e+00 
   82       2.885819296826e-11       1.500496782434e-14      -4.983359857461e-13       1.080084589402e-14       0.000000000000e+00       0.000000000000e+00       0.000000000000e+00 
   83       2.807490727890e-11       1.512850687143e-14      -4.959077885759e-13       1.081987681340e-14       0.000000000000e+00       0.000000000000e+00       0.000000000000e+00 
   84       2.730230069913e-11       1.524616142861e-14      -4.931790967217e-13       1.083358780545e-14       0.000000000000e+00       0.000000000000e+00       0.000000000000e+00 
   85       2.654066731784e-11       1.535785637753e-14      -4.901569486210e-13       1.084201915084e-14       0.000000000000e+00       0.000000000000e+00       0.000000000000e+00 
   86       2.579007690986e-11       1.546352215874e-14      -4.868489363120e-13       1.084521815582e-14       0.000000000000e+00       0.000000000000e+00       0.000000000000e+00 
   87       2.505036480622e-11       1.556309486537e-14      -4.832632090267e-13       1.084323919593e-14       0.000000000000e+00       0.000000000000e+00       0.000000000000e+00 
   88       2.432112176440e-11       1.565651633686e-14      -4.794084767845e-13       1.083614375982e-14       0.000000000000e+00       0.000000000000e+00       0.000000000000e+00 
   89       2.360196112147e-11       1.574373442530e-14      -4.752936002962e-13       1.082399835725e-14       0.000000000000e+00       0.000000000000e+00       0.000000000000e+00 
   90       2.289339036143e-11       1.582470363831e-14      -4.709262791206e-13       1.080686777191e-14       0.000000000000e+00       0.000000000000e+00       0.000000000000e+00 
   91       2.219605824140e-11       1.589938477011e-14      -4.663141633852e-13       1.078482082587e-14       0.000000000000e+00       0.000000000000e+00       0.000000000000e+00 
   92       2.151048378747e-11       1.596774483275e-14      -4.614652465878e-13       1.075793243270e-14       0.000000000000e+00       0.000000000000e+00       0.000000000000e+00 
   93       2.083705031908e-11       1.602975715238e-14      -4.563878629919e-13       1.072628360914e-14       0.000000000000e+00       0.000000000000e+00       0.000000000000e+00 
   94       2.017599947329e-11       1.608540146553e-14      -4.510906850224e-13       1.068996148696e-14       0.000000000000e+00       0.000000000000e+00       0.000000000000e+00 
   95       1.952742522915e-11       1.613466401539e-14      -4.455827206613e-13       1.064905932461e-14       0.000000000000e+00       0.000000000000e+00       0.000000000000e+00 
   96       1.889126793197e-11       1.617753764810e-14      -4.398733108431e-13       1.060367651907e-14       0.000000000000e+00       0.000000000000e+00       0.000000000000e+00 
   97       1.826730831766e-11       1.621402190902e-14      -4.339721268502e-13       1.055391861756e-14       0.000000000000e+00       0.000000000000e+00       0.000000000000e+00 
   98       1.765516153705e-11       1.624412313903e-14      -4.278891677092e-13       1.049989732930e-14       0.000000000000e+00       0.000000000000e+00       0.000000000000e+00 
   99       1.705447138920e-11       1.626785271532e-14      -4.216344023144e-13       1.044172637319e-14       0.000000000000e+00       0.000000000000e+00       0.000000000000e+00 
  100       1.646553732968e-11       1.628522128150e-14      -4.152166435932e-13       1.037950832434e-14       0.000000000000e+00       0.000000000000e+00       0.000000000000e+00 
  101       1.588876558478e-11       1.629624387531e-14      -4.086445092962e-13       1.031334591761e-14       0.000000000000e+00       0.000000000000e+00       0.000000000000e+00 
  102       1.532447336144e-11       1.630094178399e-14      -4.019267562184e-13       1.024334600730e-14       0.000000000000e+00       0.000000000000e+00       0.000000000000e+00 
  103       1.477288529844e-11       1.629934261815e-14      -3.950722732889e-13       1.016961952843e-14       0.000000000000e+00       0.000000000000e+00       0.000000000000e+00 
  104       1.423412991743e-11       1.629148038546e-14      -3.880900746597e-13       1.009228145800e-14       0.000000000000e+00       0.000000000000e+00       0.000000000000e+00 
  105       1.370823607402e-11       1.627739556452e-14      -3.809892927953e-13       1.001145077628e-14       0.000000000000e+00       0.000000000000e+00       0.000000000000e+00 
  106       1.319512940894e-11       1.625713517862e-14      -3.737791715617e-13       9.927250428094e-15       0.000000000000e+00       0.000000000000e+00       0.000000000000e+00 
  107       1.269462879905e-11       1.623075286953e-14      -3.664690593160e-13       9.839807284133e-15       0.000000000000e+00       0.000000000000e+00       0.000000000000e+00 
  108       1.220644280848e-11       1.619830897127e-14      -3.590684019953e-13       9.749252102197e-15       0.000000000000e+00       0.000000000000e+00       0.000000000000e+00 
  109       1.173016613974e-11       1.615987058396e-14      -3.515867362064e-13       9.655719488503e-15       0.000000000000e+00       0.000000000000e+00       0.000000000000e+00 
  110       1.126542959115e-11       1.611550850801e-14      -3.440334490951e-13       9.559344156278e-15       0.000000000000e+00       0.000000000000e+00       0.000000000000e+00 
  111       1.081237935525e-11       1.606528744269e-14      -3.364170378549e-13       9.460249240430e-15       0.000000000000e+00       0.000000000000e+00       0.000000000000e+00 
  112       1.037125270407e-11       1.600927466545e-14      -3.287457420777e-13       9.358556407996e-15       0.000000000000e+00       0.000000000000e+00       0.000000000000e+00 
  113       9.942227949093e-12       1.594754310181e-14      -3.210277594045e-13       9.254389352899e-15       0.000000000000e+00       0.000000000000e+00       0.000000000000e+00 
  114       9.525422401007e-12       1.588017136826e-14      -3.132712363228e-13       9.147873720840e-15       0.000000000000e+00       0.000000000000e+00       0.000000000000e+00 
  115       9.120890329474e-12       1.580724381521e-14      -3.054842589635e-13       9.039137034195e-15       0.000000000000e+00       0.000000000000e+00       0.000000000000e+00 
  116       8.728620922882e-12       1.572885056992e-14      -2.976748438983e-13       8.928308616905e-15       0.000000000000e+00       0.000000000000e+00       0.000000000000e+00 
  117       8.348536248099e-12       1.564508757944e-14      -2.898509289367e-13       8.815519519371e-15       0.000000000000e+00       0.000000000000e+00       0.000000000000e+00 
  118       7.980489210232e-12       1.555605665354e-14      -2.820203639233e-13       8.700902443349e-15       0.000000000000e+00       0.000000000000e+00       0.000000000000e+00 
  119       7.624261512382e-12       1.546186550766e-14      -2.741909015350e-13       8.584591666845e-15       0.000000000000e+00       0.000000000000e+00       0.000000000000e+00 
  120       7.279561615395e-12       1.536262780581e-14      -2.663701880782e-13       8.466722969005e-15       0.000000000000e+00       0.000000000000e+00       0.000000000000e+00 
  121       6.946022697626e-12       1.525846320355e-14      -2.585657542858e-13       8.347433555013e-15       0.000000000000e+00       0.000000000000e+00       0.000000000000e+00 
  122       6.623200614690e-12       1.514949739089e-14      -2.507850061146e-13       8.226861980982e-15       0.000000000000e+00       0.000000000000e+00       0.000000000000e+00 
  123       6.310689012479e-12       1.503585767063e-14      -2.430351543206e-13       8.105144588460e-15       0.000000000000e+00       0.000000000000e+00       0.000000000000e+00 
  124       6.008483986151e-12       1.491765902673e-14      -2.353230136265e-13       7.982404504123e-15       0.000000000000e+00       0.000000000000e+00       0.000000000000e+00 
  125       5.716657663922e-12       1.479501652892e-14      -2.276551630310e-13       7.858761228917e-15       0.000000000000e+00       0.000000000000e+00       0.000000000000e+00 
  126       5.435243699074e-12       1.466804966164e-14      -2.200379953799e-13       7.734333913744e-15       0.000000000000e+00       0.000000000000e+00       0.000000000000e+00 
  127       5.164236151454e-12       1.453688233190e-14      -2.124777076808e-13       7.609241256897e-15       0.000000000000e+00       0.000000000000e+00       0.000000000000e+00 
  128       4.903588368969e-12       1.440164287707e-14      -2.049802914196e-13       7.483601401485e-15       0.000000000000e+00       0.000000000000e+00       0.000000000000e+00 
  129       4.653211869085e-12       1.426246407269e-14      -1.975515228749e-13       7.357531832873e-15       0.000000000000e+00       0.000000000000e+00       0.000000000000e+00 
  130       4.412975220319e-12       1.411948314024e-14      -1.901969534345e-13       7.231149276111e-15       0.000000000000e+00       0.000000000000e+00       0.000000000000e+00 
  131       4.182702923744e-12       1.397284175501e-14      -1.829218999103e-13       7.104569593365e-15       0.000000000000e+00       0.000000000000e+00       0.000000000000e+00 
  132       3.962174294475e-12       1.382268605389e-14      -1.757314348540e-13       6.977907681351e-15       0.000000000000e+00       0.000000000000e+00       0.000000000000e+00 
  133       3.751122343176e-12       1.366916664313e-14      -1.686303768725e-13       6.851277368766e-15       0.000000000000e+00       0.000000000000e+00       0.000000000000e+00 
  134       3.549232657550e-12       1.351243860623e-14      -1.616232809436e-13       6.724791313722e-15       0.000000000000e+00       0.000000000000e+00       0.000000000000e+00 
  135       3.356142283837e-12       1.335266151168e-14      -1.547144287313e-13       6.598560901174e-15       0.000000000000e+00       0.000000000000e+00       0.000000000000e+00 
  136       3.171438608314e-12       1.318999942079e-14      -1.479078189015e-13       6.472696140357e-15       0.000000000000e+00       0.000000000000e+00       0.000000000000e+00 
  137       2.994742896381e-12       1.302461497877e-14      -1.412073204812e-13       6.347304152515e-15       0.000000000000e+00       0.000000000000e+00       0.000000000000e+00 
  138       2.825973033867e-12       1.285665098125e-14      -1.346171713473e-13       6.222484674596e-15       0.000000000000e+00       0.000000000000e+00       0.000000000000e+00 
  139       2.665105979820e-12       1.268624690622e-14      -1.281415131990e-13       6.098333893640e-15       0.000000000000e+00       0.000000000000e+00       0.000000000000e+00 
  140       2.512094972639e-12       1.251354463011e-14      -1.217842245730e-13       5.974945704263e-15       0.000000000000e+00       0.000000000000e+00       0.000000000000e+00 
  141       2.366868948908e-12       1.233868839806e-14      -1.155489121939e-13       5.852411597130e-15       0.000000000000e+00       0.000000000000e+00       0.000000000000e+00 
  142       2.229331962229e-12       1.216182479419e-14      -1.094389023244e-13       5.730820547450e-15       0.000000000000e+00       0.000000000000e+00       0.000000000000e+00 
  143       2.099362602056e-12       1.198310271182e-14      -1.034572321162e-13       5.610258903453e-15       0.000000000000e+00       0.000000000000e+00       0.000000000000e+00 
  144       1.976813412536e-12       1.180267332376e-14      -9.760664095941e-14       5.490810274878e-15       0.000000000000e+00       0.000000000000e+00       0.000000000000e+00 
  145       1.861510311334e-12       1.162069005253e-14      -9.188956183402e-14       5.372555421456e-15       0.000000000000e+00       0.000000000000e+00       0.000000000000e+00 
  146       1.753252008476e-12       1.143730854066e-14      -8.630811265950e-14       5.255572141396e-15       0.000000000000e+00       0.000000000000e+00       0.000000000000e+00 
  147       1.651809425179e-12       1.125268662087e-14      -8.086408764553e-14       5.139935159869e-15       0.000000000000e+00       0.000000000000e+00       0.000000000000e+00 
  148       1.556925112687e-12       1.106698428641e-14      -7.555894864223e-14       5.025716017492e-15       0.000000000000e+00       0.000000000000e+00       0.000000000000e+00 
  149       1.468312671106e-12       1.088036366125e-14      -7.039381649064e-14       4.912982958813e-15       0.000000000000e+00       0.000000000000e+00       0.000000000000e+00 
  150       1.385656168237e-12       1.069298897035e-14      -6.536946237300e-14       4.801800820795e-15       0.000000000000e+00       0.000000000000e+00       0.000000000000e+00 
  151       1.308609558415e-12       1.050502650992e-14      -6.048629916320e-14       4.692230921301e-15       0.000000000000e+00       0.000000000000e+00       0.000000000000e+00 
  152       1.236796101339e-12       1.031664461768e-14      -5.574437277712e-14       4.584330947579e-15       0.000000000000e+00       0.000000000000e+00       0.000000000000e+00 
  153       1.169871848406e-12       1.012800729342e-14      -5.114375292428e-14       4.478156374571e-15       0.000000000000e+00       0.000000000000e+00       0.000000000000e+00 
  154       1.107723963913e-12       9.939254456162e-15      -4.668576442955e-14       4.373765102857e-15       0.000000000000e+00       0.000000000000e+00       0.000000000000e+00 
  155       1.050289812998e-12       9.750519786909e-15      -4.237185438805e-14       4.271213041139e-15       0.000000000000e+00       0.000000000000e+00       0.000000000000e+00 
  156       9.974942979192e-13       9.561936851845e-15      -3.820319648854e-14       4.170552512293e-15       0.000000000000e+00       0.000000000000e+00       0.000000000000e+00 
  157       9.492496031828e-13       9.373639040251e-15      -3.418068439794e-14       4.071832149647e-15       0.000000000000e+00       0.000000000000e+00       0.000000000000e+00 
  158       9.054549406705e-13       9.185759502423e-15      -3.030492514580e-14       3.975096793256e-15       0.000000000000e+00       0.000000000000e+00       0.000000000000e+00 
  159       8.659962947658e-13       8.998431087583e-15      -2.657623250884e-14       3.880387386178e-15       0.000000000000e+00       0.000000000000e+00       0.000000000000e+00 
  160       8.307461674814e-13       8.811786281798e-15      -2.299462039544e-14       3.787740870752e-15       0.000000000000e+00       0.000000000000e+00       0.000000000000e+00 
  161       7.995633235861e-13       8.625957145893e-15      -1.955979623012e-14       3.697190084869e-15       0.000000000000e+00       0.000000000000e+00       0.000000000000e+00 
  162       7.722925357318e-13       8.441075253364e-15      -1.627115433811e-14       3.608763658254e-15       0.000000000000e+00       0.000000000000e+00       0.000000000000e+00 
  163       7.487643295804e-13       8.257271628297e-15      -1.312776932976e-14       3.522485908736e-15       0.000000000000e+00       0.000000000000e+00       0.000000000000e+00 
  164       7.287947289309e-13       8.074676683280e-15      -1.012838948515e-14       3.438376738528e-15       0.000000000000e+00       0.000000000000e+00       0.000000000000e+00 
  165       7.121850008464e-13       7.893420157320e-15      -7.271430138508e-15       3.356451530500e-15       0.000000000000e+00       0.000000000000e+00       0.000000000000e+00 
  166       6.987214007811e-13       7.713631053756e-15      -4.554967062756e-15       3.276721044457e-15       0.000000000000e+00       0.000000000000e+00       0.000000000000e+00 
  167       6.881749177073e-13       7.535437578175e-15      -1.976729854012e-15       3.199191313415e-15       0.000000000000e+00       0.000000000000e+00       0.000000000000e+00 
  168       6.803010192424e-13       7.358967076325e-15       4.659046839128e-16       3.123863539873e-15       0.000000000000e+00       0.000000000000e+00       0.000000000000e+00 
  169       6.748393967758e-13       7.184345972036e-15       2.775919155006e-15       3.050733992095e-15       0.000000000000e+00       0.000000000000e+00       0.000000000000e+00 
  170       6.715137105961e-13       7.011699705126e-15       4.956662186550e-15       2.979793900380e-15       0.000000000000e+00       0.000000000000e+00       0.000000000000e+00 
  171       6.700736481649e-13       6.841148007020e-15       7.011254893145e-15       2.911035193001e-15       0.000000000000e+00       0.000000000000e+00       0.000000000000e+00 
  172       6.704255678100e-13       6.672790415514e-15       8.940740883250e-15       2.844468457863e-15       0.000000000000e+00       0.000000000000e+00       0.000000000000e+00 
  173       6.725123105663e-13       6.506719427619e-15       1.074579395682e-14       2.780106286719e-15       0.000000000000e+00       0.000000000000e+00       0.000000000000e+00 
  174       6.762717859410e-13       6.343024972655e-15       1.242730850749e-14       2.717957491022e-15       0.000000000000e+00       0.000000000000e+00       0.000000000000e+00 
  175       6.816368896769e-13       6.181794331136e-15       1.398640368943e-14       2.658027022026e-15       0.000000000000e+00       0.000000000000e+00       0.000000000000e+00 
  176       6.885354215160e-13       6.023112053669e-15       1.542442758430e-14       2.600315890887e-15       0.000000000000e+00       0.000000000000e+00       0.000000000000e+00 
  177       6.968900029624e-13       5.867059879843e-15       1.674296136810e-14       2.544821088767e-15       0.000000000000e+00       0.000000000000e+00       0.000000000000e+00 
  178       7.066179950457e-13       5.713716657126e-15       1.794382347810e-14       2.491535506930e-15       0.000000000000e+00       0.000000000000e+00       0.000000000000e+00 
  179       7.176314160843e-13       5.563158259753e-15       1.902907377970e-14       2.440447856851e-15       0.000000000000e+00       0.000000000000e+00       0.000000000000e+00 
  180       7.298368594486e-13       5.415457507622e-15       2.000101773337e-14       2.391542590310e-15       0.000000000000e+00       0.000000000000e+00       0.000000000000e+00 
  181       7.431354113243e-13       5.270684085188e-15       2.086221056151e-14       2.344799819499e-15       0.000000000000e+00       0.000000000000e+00       0.000000000000e+00 
  182       7.574225684756e-13       5.128904460351e-15       2.161546141538e-14       2.300195237120e-15       0.000000000000e+00       0.000000000000e+00       0.000000000000e+00 
  183       7.725881560085e-13       4.990181803355e-15       2.226383754196e-14       2.257700036489e-15       0.000000000000e+00       0.000000000000e+00       0.000000000000e+00 
  184       7.885162451339e-13       4.854575905677e-15       2.281066845088e-14       2.217280831635e-15       0.000000000000e+00       0.000000000000e+00       0.000000000000e+00 
  185       8.050850709314e-13       4.722143098921e-15       2.325955008129e-14       2.178899577405e-15       0.000000000000e+00       0.000000000000e+00       0.000000000000e+00 
  186       8.221669501117e-13       4.592936173711e-15       2.361434896879e-14       2.142513489560e-15       0.000000000000e+00       0.000000000000e+00       0.000000000000e+00 
  187       8.396281987806e-13       4.467004298582e-15       2.387920641229e-14       2.108074964882e-15       0.000000000000e+00       0.000000000000e+00       0.000000000000e+00 
  188       8.573290502019e-13       4.344392938877e-15       2.405854264094e-14       2.075531501272e-15       0.000000000000e+00       0.000000000000e+00       0.000000000000e+00 
  189       8.751235725609e-13       4.225143775637e-15       2.415706098100e-14       2.044825617853e-15       0.000000000000e+00       0.000000000000e+00       0.000000000000e+00 
  190       8.928595867272e-13       4.109294624494e-15       2.417975202275e-14       2.015894775072e-15       0.000000000000e+00       0.000000000000e+00       0.000000000000e+00 
  191       9.104018023837e-13       3.996879637957e-15       2.413121848972e-14       1.988680901283e-15       0.000000000000e+00       0.000000000000e+00       0.000000000000e+00 
  192       9.277033358787e-13       3.887930098226e-15       2.401358460813e-14       1.963159937034e-15       0.000000000000e+00       0.000000000000e+00       0.000000000000e+00 
  193       9.447394108227e-13       3.782473527863e-15       2.382843758355e-14       1.939314358144e-15       0.000000000000e+00       0.000000000000e+00       0.000000000000e+00 
  194       9.614846159127e-13       3.680533332113e-15       2.357749472762e-14       1.917123720363e-15       0.000000000000e+00       0.000000000000e+00       0.000000000000e+00 
  195       9.779128986714e-13       3.582128718722e-15       2.326260540218e-14       1.896564610910e-15       0.000000000000e+00       0.000000000000e+00       0.000000000000e+00 
  196       9.939975591870e-13       3.487274617754e-15       2.288575296325e-14       1.877610600010e-15       0.000000000000e+00       0.000000000000e+00       0.000000000000e+00 
  197       1.009711243853e-12       3.395981601417e-15       2.244905670516e-14       1.860232192429e-15       0.000000000000e+00       0.000000000000e+00       0.000000000000e+00 
  198       1.025025939107e-12       3.308255803881e-15       2.195477380460e-14       1.844396779011e-15       0.000000000000e+00       0.000000000000e+00       0.000000000000e+00 
  199       1.039912965171e-12       3.224098841096e-15       2.140530126464e-14       1.830068588214e-15       0.000000000000e+00       0.000000000000e+00       0.000000000000e+00 
  200       1.054342969792e-12       3.143507730614e-15       2.080317785886e-14       1.817208637647e-15       0.000000000000e+00       0.000000000000e+00       0.000000000000e+00 
  201       1.068285921978e-12       3.066474811411e-15       2.015108607537e-14       1.805774685605e-15       0.000000000000e+00       0.000000000000e+00       0.000000000000e+00 
  202       1.081711105743e-12       2.992987663704e-15       1.945185406089e-14       1.795721182605e-15       0.000000000000e+00       0.000000000000e+00       0.000000000000e+00 
  203       1.094587113840e-12       2.923029028773e-15       1.870845756482e-14       1.786999222927e-15       0.000000000000e+00       0.000000000000e+00       0.000000000000e+00 
  204       1.106881841508e-12       2.856576728781e-15       1.792402188328e-14       1.779556496142e-15       0.000000000000e+00       0.000000000000e+00       0.000000000000e+00 
  205       1.118562480205e-12       2.793603586594e-15       1.710182380320e-14       1.773337238656e-15       0.000000000000e+00       0.000000000000e+00       0.000000000000e+00 
  206       1.129595511350e-12       2.734077345604e-15       1.624529354639e-14       1.768282185242e-15       0.000000000000e+00       0.000000000000e+00       0.000000000000e+00 
  207       1.139946700066e-12       2.677960589542e-15       1.535801671356e-14       1.764328520578e-15       0.000000000000e+00       0.000000000000e+00       0.000000000000e+00 
  208       1.149581088914e-12       2.625210662307e-15       1.444373622843e-14       1.761409830782e-15       0.000000000000e+00       0.000000000000e+00       0.000000000000e+00 
  209       1.158462991635e-12       2.575779587780e-15       1.350635428177e-14       1.759456054951e-15       0.000000000000e+00       0.000000000000e+00       0.000000000000e+00 
  210       1.166555986890e-12       2.529613989647e-15       1.254993427550e-14       1.758393436692e-15       0.000000000000e+00       0.000000000000e+00       0.000000000000e+00 
  211       1.173822912001e-12       2.486655011220e-15       1.157870276669e-14       1.758144475665e-15       0.000000000000e+00       0.000000000000e+00       0.000000000000e+00 
  212       1.180225856686e-12       2.446838235254e-15       1.059705141167e-14       1.758627879115e-15       0.000000000000e+00       0.000000000000e+00       0.000000000000e+00 
  213       1.185733564976e-12       2.410101874718e-15       9.608941936744e-15       1.759769753245e-15       0.000000000000e+00       0.000000000000e+00       0.000000000000e+00 
  214       1.190344209948e-12       2.376412126752e-15       8.616072319033e-15       1.761538118577e-15       0.000000000000e+00       0.000000000000e+00       0.000000000000e+00 
  215       1.194064145572e-12       2.345739376701e-15       7.619590468091e-15       1.763910632824e-15       0.000000000000e+00       0.000000000000e+00       0.000000000000e+00 
  216       1.196900649927e-12       2.318050022995e-15       6.620680439522e-15       1.766863541777e-15       0.000000000000e+00       0.000000000000e+00       0.000000000000e+00 
  217       1.198861938443e-12       2.293306418745e-15       5.620562807447e-15       1.770371660433e-15       0.000000000000e+00       0.000000000000e+00       0.000000000000e+00 
  218       1.199957177143e-12       2.271466813335e-15       4.620495036966e-15       1.774408354120e-15       0.000000000000e+00       0.000000000000e+00       0.000000000000e+00 
  219       1.200196495886e-12       2.252485294019e-15       3.621771856617e-15       1.778945519626e-15       0.000000000000e+00       0.000000000000e+00       0.000000000000e+00 
  220       1.199591001608e-12       2.236311727514e-15       2.625725630839e-15       1.783953566320e-15       0.000000000000e+00       0.000000000000e+00       0.000000000000e+00 
  221       1.198152791567e-12       2.222891701596e-15       1.633726732433e-15       1.789401397286e-15       0.000000000000e+00       0.000000000000e+00       0.000000000000e+00 
  222       1.195894966585e-12       2.212166466692e-15       6.471839150252e-16       1.795256390442e-15       0.000000000000e+00       0.000000000000e+00       0.000000000000e+00 
  223       1.192831644289e-12       2.204072877478e-15      -3.324553144753e-16       1.801484379673e-15       0.000000000000e+00       0.000000000000e+00       0.000000000000e+00 
  224       1.188977972352e-12       2.198543334468e-15      -1.303704323412e-15       1.808049635952e-15       0.000000000000e+00       0.000000000000e+00       0.000000000000e+00 
  225       1.184350141742e-12       2.195505725615e-15      -2.265036980921e-15       1.814914848472e-15       0.000000000000e+00       0.000000000000e+00       0.000000000000e+00 
  226       1.178965399957e-12       2.194883367901e-15      -3.214887285468e-15       1.822041105767e-15       0.000000000000e+00       0.000000000000e+00       0.000000000000e+00 
  227       1.172842064270e-12       2.196594948935e-15      -4.151648992390e-15       1.829387876842e-15       0.000000000000e+00       0.000000000000e+00       0.000000000000e+00 
  228       1.165999534976e-12       2.200554468541e-15      -5.073675241431e-15       1.836912992299e-15       0.000000000000e+00       0.000000000000e+00       0.000000000000e+00 
  229       1.158458308626e-12       2.206671180362e-15      -5.979278184281e-15       1.844572625462e-15       0.000000000000e+00       0.000000000000e+00       0.000000000000e+00 
  230       1.150239991277e-12       2.214849533446e-15      -6.866728612115e-15       1.852321273506e-15       0.000000000000e+00       0.000000000000e+00       0.000000000000e+00 
  231       1.141367311730e-12       2.224989113845e-15      -7.734255583133e-15       1.860111738580e-15       0.000000000000e+00       0.000000000000e+00       0.000000000000e+00 
  232       1.131864134775e-12       2.236984586208e-15      -8.580046050097e-15       1.867895108938e-15       0.000000000000e+00       0.000000000000e+00       0.000000000000e+00 
  233       1.121755474432e-12       2.250725635377e-15      -9.402244487868e-15       1.875620740061e-15       0.000000000000e+00       0.000000000000e+00       0.000000000000e+00 
  234       1.111067507193e-12       2.266096907978e-15      -1.019895252095e-14       1.883236235786e-15       0.000000000000e+00       0.000000000000e+00       0.000000000000e+00 
  235       1.099827585268e-12       2.282977954020e-15      -1.096822855102e-14       1.890687429434e-15       0.000000000000e+00       0.000000000000e+00       0.000000000000e+00 
  236       1.088064249821e-12       2.301243168486e-15      -1.170808738448e-14       1.897918364931e-15       0.000000000000e+00       0.000000000000e+00       0.000000000000e+00 
  237       1.075807244219e-12       2.320761732931e-15      -1.241649985998e-14       1.904871277940e-15       0.000000000000e+00       0.000000000000e+00       0.000000000000e+00 
  238       1.063084791689e-12       2.341413572741e-15      -1.309172829608e-14       1.911495562697e-15       0.000000000000e+00       0.000000000000e+00       0.000000000000e+00 
  239       1.049915217902e-12       2.363138422431e-15      -1.373335615532e-14       1.917775314350e-15       0.000000000000e+00       0.000000000000e+00       0.000000000000e+00 
  240       1.036314846538e-12       2.385889619620e-15      -1.434132003843e-14       1.923703418626e-15       0.000000000000e+00       0.000000000000e+00       0.000000000000e+00 
  241       1.022300696656e-12       2.409618332231e-15      -1.491557980880e-14       1.929272716277e-15       0.000000000000e+00       0.000000000000e+00       0.000000000000e+00 
  242       1.007890490160e-12       2.434273533868e-15      -1.545611892851e-14       1.934476003163e-15       0.000000000000e+00       0.000000000000e+00       0.000000000000e+00 
  243       9.931026592743e-13       2.459801979201e-15      -1.596294479430e-14       1.939306030333e-15       0.000000000000e+00       0.000000000000e+00       0.000000000000e+00 
  244       9.779563540140e-13       2.486148179343e-15      -1.643608907356e-14       1.943755504109e-15       0.000000000000e+00       0.000000000000e+00       0.000000000000e+00 
  245       9.624714496559e-13       2.513254377238e-15      -1.687560804035e-14       1.947817086173e-15       0.000000000000e+00       0.000000000000e+00       0.000000000000e+00 
  246       9.466685542104e-13       2.541060523036e-15      -1.728158291138e-14       1.951483393642e-15       0.000000000000e+00       0.000000000000e+00       0.000000000000e+00 
  247       9.305690158923e-13       2.569504249480e-15      -1.765412018201e-14       1.954746999158e-15       0.000000000000e+00       0.000000000000e+00       0.000000000000e+00 
  248       9.141949305931e-13       2.598520847284e-15      -1.799335196222e-14       1.957600430969e-15       0.000000000000e+00       0.000000000000e+00       0.000000000000e+00 
  249       8.975691493515e-13       2.628043240517e-15      -1.829943631265e-14       1.960036173009e-15       0.000000000000e+00       0.000000000000e+00       0.000000000000e+00 
  250       8.807152858253e-13       2.658001961983e-15      -1.857255758057e-14       1.962046664987e-15       0.000000000000e+00       0.000000000000e+00       0.000000000000e+00 
  251       8.636577237630e-13       2.688325128605e-15      -1.881292673585e-14       1.963624302463e-15       0.000000000000e+00       0.000000000000e+00       0.000000000000e+00 
  252       8.464216244744e-13       2.718938416802e-15      -1.902078170702e-14       1.964761436938e-15       0.000000000000e+00       0.000000000000e+00       0.000000000000e+00 
  253       8.290329343030e-13       2.749765037876e-15      -1.919638771718e-14       1.965450375931e-15       0.000000000000e+00       0.000000000000e+00       0.000000000000e+00 
  254       8.115183920965e-13       2.780725713391e-15      -1.934003762009e-14       1.965683383067e-15       0.000000000000e+00       0.000000000000e+00       0.000000000000e+00 
  255       7.939055366789e-13       2.811738650554e-15      -1.945205223609e-14       1.965452678155e-15       0.000000000000e+00       0.000000000000e+00       0.000000000000e+00 
  256       7.762227143216e-13       2.842719517599e-15      -1.953278068810e-14       1.964750437276e-15       0.000000000000e+00       0.000000000000e+00       0.000000000000e+00 
  257       7.584990862146e-13       2.873581419165e-15      -1.958260073769e-14       1.963568792863e-15       0.000000000000e+00       0.000000000000e+00       0.000000000000e+00 
  258       7.407646359383e-13       2.904234871681e-15      -1.960191912096e-14       1.961899833785e-15       0.000000000000e+00       0.000000000000e+00       0.000000000000e+00 
  259       7.230501769347e-13       2.934587778747e-15      -1.959117188464e-14       1.959735605430e-15       0.000000000000e+00       0.000000000000e+00       0.000000000000e+00 
  260       7.053873599787e-13       2.964545406514e-15      -1.955082472202e-14       1.957068109786e-15       0.000000000000e+00       0.000000000000e+00       0.000000000000e+00 
  261       6.878086806498e-13       2.994010359067e-15      -1.948137330898e-14       1.953889305528e-15       0.000000000000e+00       0.000000000000e+00       0.000000000000e+00 
  262       6.703474868033e-13       3.022882553807e-15      -1.938334363995e-14       1.950191108099e-15       0.000000000000e+00       0.000000000000e+00       0.000000000000e+00 
  263       6.530379860416e-13       3.051059196832e-15      -1.925729236395e-14       1.945965389791e-15       0.000000000000e+00       0.000000000000e+00       0.000000000000e+00 
  264       6.359152531859e-13       3.078434758318e-15      -1.910380712053e-14       1.941203979832e-15       0.000000000000e+00       0.000000000000e+00       0.000000000000e+00 
  265       6.190152377472e-13       3.104900947900e-15      -1.892350687582e-14       1.935898664466e-15       0.000000000000e+00       0.000000000000e+00       0.000000000000e+00 
  266       6.023694996648e-13       3.130363125261e-15      -1.871702440002e-14       1.930044013012e-15       0.000000000000e+00       0.000000000000e+00       0.000000000000e+00 
  267       5.859890844802e-13       3.154790569702e-15      -1.848495195384e-14       1.923646025858e-15       0.000000000000e+00       0.000000000000e+00       0.000000000000e+00 
  268       5.698797870817e-13       3.178168892431e-15      -1.822789330642e-14       1.916713956239e-15       0.000000000000e+00       0.000000000000e+00       0.000000000000e+00 
  269       5.540473431728e-13       3.200483850274e-15      -1.794648163264e-14       1.909257531372e-15       0.000000000000e+00       0.000000000000e+00       0.000000000000e+00 
  270       5.384974278364e-13       3.221721348821e-15      -1.764137981889e-14       1.901286957317e-15       0.000000000000e+00       0.000000000000e+00       0.000000000000e+00 
  271       5.232356540992e-13       3.241867445578e-15      -1.731328076893e-14       1.892812923833e-15       0.000000000000e+00       0.000000000000e+00       0.000000000000e+00 
  272       5.082675714958e-13       3.260908353120e-15      -1.696290770969e-14       1.883846609239e-15       0.000000000000e+00       0.000000000000e+00       0.000000000000e+00 
  273       4.935986646328e-13       3.278830442237e-15      -1.659101449708e-14       1.874399685267e-15       0.000000000000e+00       0.000000000000e+00       0.000000000000e+00 
  274       4.792343517530e-13       3.295620245089e-15      -1.619838592185e-14       1.864484321925e-15       0.000000000000e+00       0.000000000000e+00       0.000000000000e+00 
  275       4.651799832997e-13       3.311264458358e-15      -1.578583801536e-14       1.854113192351e-15       0.000000000000e+00       0.000000000000e+00       0.000000000000e+00 
  276       4.514408404809e-13       3.325749946393e-15      -1.535421835546e-14       1.843299477672e-15       0.000000000000e+00       0.000000000000e+00       0.000000000000e+00 
  277       4.380221338334e-13       3.339063744366e-15      -1.490440637226e-14       1.832056871862e-15       0.000000000000e+00       0.000000000000e+00       0.000000000000e+00 
  278       4.249290017869e-13       3.351193061422e-15      -1.443731365397e-14       1.820399586602e-15       0.000000000000e+00       0.000000000000e+00       0.000000000000e+00 
  279       4.121665092285e-13       3.362125283827e-15      -1.395388425272e-14       1.808342356132e-15       0.000000000000e+00       0.000000000000e+00       0.000000000000e+00 
  280       3.997396460664e-13       3.371847978122e-15      -1.345509499038e-14       1.795900442117e-15       0.000000000000e+00       0.000000000000e+00       0.000000000000e+00 
  281       3.876533257948e-13       3.380348894273e-15      -1.294195576440e-14       1.783089638496e-15       0.000000000000e+00       0.000000000000e+00       0.000000000000e+00 
  282       3.759123840573e-13       3.387615968821e-15      -1.241550985360e-14       1.769926276348e-15       0.000000000000e+00       0.000000000000e+00       0.000000000000e+00 
  283       3.645215772116e-13       3.393637328034e-15      -1.187683422400e-14       1.756427228743e-15       0.000000000000e+00       0.000000000000e+00       0.000000000000e+00 
  284       3.534855808936e-13       3.398401291056e-15      -1.132703983465e-14       1.742609915606e-15       0.000000000000e+00       0.000000000000e+00       0.000000000000e+00 
  285       3.428089885816e-13       3.401896373061e-15      -1.076727194346e-14       1.728492308568e-15       0.000000000000e+00       0.000000000000e+00       0.000000000000e+00 
  286       3.324963101602e-13       3.404111288399e-15      -1.019871041299e-14       1.714092935832e-15       0.000000000000e+00       0.000000000000e+00       0.000000000000e+00 
  287       3.225519704850e-13       3.405034953753e-15      -9.622570016299e-15       1.699430887024e-15       0.000000000000e+00       0.000000000000e+00       0.000000000000e+00 
  288       3.129803079462e-13       3.404656491285e-15      -9.040100742747e-15       1.684525818053e-15       0.000000000000e+00       0.000000000000e+00       0.000000000000e+00 
  289       3.037855730335e-13       3.402965231787e-15      -8.452588103832e-15       1.669397955969e-15       0.000000000000e+00       0.000000000000e+00       0.000000000000e+00 
  290       2.949719268995e-13       3.399950717836e-15      -7.861353439001e-15       1.654068103824e-15       0.000000000000e+00       0.000000000000e+00       0.000000000000e+00 
  291       2.865434399246e-13       3.395602706941e-15      -7.267754221476e-15       1.638557645522e-15       0.000000000000e+00       0.000000000000e+00       0.000000000000e+00 
  292       2.785040902807e-13       3.389911174694e-15      -6.673184364068e-15       1.622888550687e-15       0.000000000000e+00       0.000000000000e+00       0.000000000000e+00 
  293       2.708577624956e-13       3.382866317923e-15      -6.079074525008e-15       1.607083379512e-15       0.000000000000e+00       0.000000000000e+00       0.000000000000e+00 
  294       2.636082460172e-13       3.374458557842e-15      -5.486892413757e-15       1.591165287620e-15       0.000000000000e+00       0.000000000000e+00       0.000000000000e+00 
  295       2.567592337775e-13       3.364678543199e-15      -4.898143096836e-15       1.575158030925e-15       0.000000000000e+00       0.000000000000e+00       0.000000000000e+00 
  296       2.503143207572e-13       3.353517153432e-15      -4.314369303643e-15       1.559085970485e-15       0.000000000000e+00       0.000000000000e+00       0.000000000000e+00 
  297       2.442756079085e-13       3.340970938013e-15      -3.736932330485e-15       1.542971265935e-15       0.000000000000e+00       0.000000000000e+00       0.000000000000e+00 
  298       2.386394416655e-13       3.327058721052e-15      -3.166342321410e-15       1.526825294609e-15       0.000000000000e+00       0.000000000000e+00       0.000000000000e+00 
  299       2.334004640977e-13       3.311805811675e-15      -2.602895961184e-15       1.510656823908e-15       0.000000000000e+00       0.000000000000e+00       0.000000000000e+00 
  300       2.285529855364e-13       3.295238651194e-15      -2.046892945398e-15       1.494474786104e-15       0.000000000000e+00       0.000000000000e+00       0.000000000000e+00 
  301       2.240909812474e-13       3.277384823631e-15      -1.498635988812e-15       1.478288279381e-15       0.000000000000e+00       0.000000000000e+00       0.000000000000e+00 
  302       2.200080881046e-13       3.258273066237e-15      -9.584308337036e-16       1.462106568887e-15       0.000000000000e+00       0.000000000000e+00       0.000000000000e+00 
  303       2.162976012631e-13       3.237933280013e-15      -4.265862582160e-16       1.445939087775e-15       0.000000000000e+00       0.000000000000e+00       0.000000000000e+00 
  304       2.129524708326e-13       3.216396540235e-15       9.658591529630e-17       1.429795438252e-15       0.000000000000e+00       0.000000000000e+00       0.000000000000e+00 
  305       2.099652985506e-13       3.193695106971e-15       6.107708119196e-16       1.413685392622e-15       0.000000000000e+00       0.000000000000e+00       0.000000000000e+00 
  306       2.073283344558e-13       3.169862435607e-15       1.115650495834e-15       1.397618894336e-15       0.000000000000e+00       0.000000000000e+00       0.000000000000e+00 
  307       2.050334735610e-13       3.144933187363e-15       1.610903961966e-15       1.381606059034e-15       0.000000000000e+00       0.000000000000e+00       0.000000000000e+00 
  308       2.030722525271e-13       3.118943239820e-15       2.096207127641e-15       1.365657175594e-15       0.000000000000e+00       0.000000000000e+00       0.000000000000e+00 
  309       2.014358463355e-13       3.091929697437e-15       2.571232824237e-15       1.349782707176e-15       0.000000000000e+00       0.000000000000e+00       0.000000000000e+00 
  310       2.001150649622e-13       3.063930902078e-15       3.035650788838e-15       1.333993292269e-15       0.000000000000e+00       0.000000000000e+00       0.000000000000e+00 
  311       1.991003500504e-13       3.034986443525e-15       3.489127655884e-15       1.318299745738e-15       0.000000000000e+00       0.000000000000e+00       0.000000000000e+00 
  312       1.983817715844e-13       3.005137170007e-15       3.931326948826e-15       1.302713059866e-15       0.000000000000e+00       0.000000000000e+00       0.000000000000e+00 
  313       1.979490245624e-13       2.974425198719e-15       4.361909071780e-15       1.287244405407e-15       0.000000000000e+00       0.000000000000e+00       0.000000000000e+00 
  314       1.977914256698e-13       2.942893926344e-15       4.780531301174e-15       1.271905132623e-15       0.000000000000e+00       0.000000000000e+00       0.000000000000e+00 
  315       1.978979099528e-13       2.910588039570e-15       5.186847777411e-15       1.256706772338e-15       0.000000000000e+00       0.000000000000e+00       0.000000000000e+00 
  316       1.982570274917e-13       2.877553525619e-15       5.580509496511e-15       1.241661036981e-15       0.000000000000e+00       0.000000000000e+00       0.000000000000e+00 
  317       1.988569400735e-13       2.843837682763e-15       5.961164301770e-15       1.226779821630e-15       0.000000000000e+00       0.000000000000e+00       0.000000000000e+00 
  318       1.996854178661e-13       2.809489130848e-15       6.328456875412e-15       1.212075205060e-15       0.000000000000e+00       0.000000000000e+00       0.000000000000e+00 
  319       2.007298360909e-13       2.774557821812e-15       6.682028730241e-15       1.197559450789e-15       0.000000000000e+00       0.000000000000e+00       0.000000000000e+00 
  320       2.019771716965e-13       2.739095050212e-15       7.021518201293e-15       1.183245008126e-15       0.000000000000e+00       0.000000000000e+00       0.000000000000e+00 
  321       2.034140000316e-13       2.703153463741e-15       7.346560437492e-15       1.169144513211e-15       0.000000000000e+00       0.000000000000e+00       0.000000000000e+00 
  322       2.050264915187e-13       2.666787073751e-15       7.656787393299e-15       1.155270790068e-15       0.000000000000e+00       0.000000000000e+00       0.000000000000e+00 
  323       2.068004083270e-13       2.630051265775e-15       7.951827820367e-15       1.141636851645e-15       0.000000000000e+00       0.000000000000e+00       0.000000000000e+00 
  324       2.087211010459e-13       2.593002810046e-15       8.231307259193e-15       1.128255900865e-15       0.000000000000e+00       0.000000000000e+00       0.000000000000e+00 
  325       2.107735053583e-13       2.555699872022e-15       8.494848030770e-15       1.115141331670e-15       0.000000000000e+00       0.000000000000e+00       0.000000000000e+00 
  326       2.129421387137e-13       2.518202022906e-15       8.742069228243e-15       1.102306730063e-15       0.000000000000e+00       0.000000000000e+00       0.000000000000e+00 
  327       2.152110970015e-13       2.480570250165e-15       8.972586708559e-15       1.089765875164e-15       0.000000000000e+00       0.000000000000e+00       0.000000000000e+00 
  328       2.175640512247e-13       2.442866968056e-15       9.186013084120e-15       1.077532740243e-15       0.000000000000e+00       0.000000000000e+00       0.000000000000e+00 
  329       2.199842441725e-13       2.405156028143e-15       9.381957714437e-15       1.065621493778e-15       0.000000000000e+00       0.000000000000e+00       0.000000000000e+00 
  330       2.224544870941e-13       2.367502729823e-15       9.560026697781e-15       1.054046500493e-15       0.000000000000e+00       0.000000000000e+00       0.000000000000e+00 
  331       2.249571563717e-13       2.329973830842e-15       9.719822862837e-15       1.042822322408e-15       0.000000000000e+00       0.000000000000e+00       0.000000000000e+00 
  332       2.274767308646e-13       2.292628994643e-15       9.861053226817e-15       1.031960897967e-15       0.000000000000e+00       0.000000000000e+00       0.000000000000e+00 
  333       2.300075330366e-13       2.255494698665e-15       9.983856565587e-15       1.021462941341e-15       0.000000000000e+00       0.000000000000e+00       0.000000000000e+00 
  334       2.325463191310e-13       2.218589208023e-15       1.008849012188e-14       1.011326169852e-15       0.000000000000e+00       0.000000000000e+00       0.000000000000e+00 
  335       2.350897684045e-13       2.181931037207e-15       1.017522353608e-14       1.001548090024e-15       0.000000000000e+00       0.000000000000e+00       0.000000000000e+00 
  336       2.376344825574e-13       2.145538951308e-15       1.024433895451e-14       9.921259955656e-16       0.000000000000e+00       0.000000000000e+00       0.000000000000e+00 
  337       2.401769851647e-13       2.109431967249e-15       1.029613113775e-14       9.830569653565e-16       0.000000000000e+00       0.000000000000e+00       0.000000000000e+00 
  338       2.427137211077e-13       2.073629355006e-15       1.033090756893e-14       9.743378614264e-16       0.000000000000e+00       0.000000000000e+00       0.000000000000e+00 
  339       2.452410560040e-13       2.038150638838e-15       1.034898856202e-14       9.659653269406e-16       0.000000000000e+00       0.000000000000e+00       0.000000000000e+00 
  340       2.477552756394e-13       2.003015598514e-15       1.035070737014e-14       9.579357841820e-16       0.000000000000e+00       0.000000000000e+00       0.000000000000e+00 
  341       2.502525853982e-13       1.968244270539e-15       1.033641029386e-14       9.502454325345e-16       0.000000000000e+00       0.000000000000e+00       0.000000000000e+00 
  342       2.527291096945e-13       1.933856949379e-15       1.030645678948e-14       9.428902464659e-16       0.000000000000e+00       0.000000000000e+00       0.000000000000e+00 
  343       2.551808914033e-13       1.899874188693e-15       1.026121957736e-14       9.358659735110e-16       0.000000000000e+00       0.000000000000e+00       0.000000000000e+00 
  344       2.576038912912e-13       1.866316802554e-15       1.020108475019e-14       9.291681322545e-16       0.000000000000e+00       0.000000000000e+00       0.000000000000e+00 
  345       2.599939874475e-13       1.833205866678e-15       1.012645188132e-14       9.227920103140e-16       0.000000000000e+00       0.000000000000e+00       0.000000000000e+00 
  346       2.623469747152e-13       1.800562719651e-15       1.003773413303e-14       9.167326623234e-16       0.000000000000e+00       0.000000000000e+00       0.000000000000e+00 
  347       2.646585641219e-13       1.768408964159e-15       9.935358364850e-15       9.109849079154e-16       0.000000000000e+00       0.000000000000e+00       0.000000000000e+00 
  348       2.669243823110e-13       1.736766468207e-15       9.819765241836e-15       9.055433297048e-16       0.000000000000e+00       0.000000000000e+00       0.000000000000e+00 
  349       2.691399709724e-13       1.705657366353e-15       9.691409342900e-15       9.004022712717e-16       0.000000000000e+00       0.000000000000e+00       0.000000000000e+00 
  350       2.713007862736e-13       1.675104060931e-15       9.550759269086e-15       8.955558351440e-16       0.000000000000e+00       0.000000000000e+00       0.000000000000e+00 
  351       2.734021982908e-13       1.645129223281e-15       9.398297751880e-15       8.909978807810e-16       0.000000000000e+00       0.000000000000e+00       0.000000000000e+00 
  352       2.754394904397e-13       1.615755794970e-15       9.234521761506e-15       8.867220225561e-16       0.000000000000e+00       0.000000000000e+00       0.000000000000e+00 
  353       2.774078589066e-13       1.587006989025e-15       9.059942615226e-15       8.827216277399e-16       0.000000000000e+00       0.000000000000e+00       0.000000000000e+00 
  354       2.793024120793e-13       1.558906291158e-15       8.875086085637e-15       8.789898144831e-16       0.000000000000e+00       0.000000000000e+00       0.000000000000e+00 
  355       2.811181699780e-13       1.531477460991e-15       8.680492508975e-15       8.755194497999e-16       0.000000000000e+00       0.000000000000e+00       0.000000000000e+00 
  356       2.828500636866e-13       1.504744533282e-15       8.476716893412e-15       8.723031475506e-16       0.000000000000e+00       0.000000000000e+00       0.000000000000e+00 
  357       2.844929347835e-13       1.478731819157e-15       8.264329027353e-15       8.693332664248e-16       0.000000000000e+00       0.000000000000e+00       0.000000000000e+00 
  358       2.860415347723e-13       1.453463907331e-15       8.043913587739e-15       8.666019079245e-16       0.000000000000e+00       0.000000000000e+00       0.000000000000e+00 
  359       2.874905245133e-13       1.428965665339e-15       7.816070248345e-15       8.641009143470e-16       0.000000000000e+00       0.000000000000e+00       0.000000000000e+00 
  360       2.888344736541e-13       1.405262240759e-15       7.581413788079e-15       8.618218667680e-16       0.000000000000e+00       0.000000000000e+00       0.000000000000e+00 
  361       2.900678600607e-13       1.382379062442e-15       7.340574199281e-15       8.597560830247e-16       0.000000000000e+00       0.000000000000e+00       0.000000000000e+00 
  362       2.911850692487e-13       1.360341841738e-15       7.094196796024e-15       8.578946156985e-16       0.000000000000e+00       0.000000000000e+00       0.000000000000e+00 
  363       2.921803938137e-13       1.339176573721e-15       6.842942322412e-15       8.562282500985e-16       0.000000000000e+00       0.000000000000e+00       0.000000000000e+00 
  364       2.930480328629e-13       1.318909538418e-15       6.587487060879e-15       8.547475022440e-16       0.000000000000e+00       0.000000000000e+00       0.000000000000e+00 
  365       2.937820914459e-13       1.299567302035e-15       6.328522940491e-15       8.534426168482e-16       0.000000000000e+00       0.000000000000e+00       0.000000000000e+00 
  366       2.943765799854e-13       1.281176718184e-15       6.066757645240e-15       8.523035653004e-16       0.000000000000e+00       0.000000000000e+00       0.000000000000e+00 
  367       2.948254137085e-13       1.263764929108e-15       5.802914722349e-15       8.513200436498e-16       0.000000000000e+00       0.000000000000e+00       0.000000000000e+00 
  368       2.951224120776e-13       1.247359366911e-15       5.537733690569e-15       8.504814705880e-16       0.000000000000e+00       0.000000000000e+00       0.000000000000e+00 
  369       2.952612982214e-13       1.231987754782e-15       5.271970148478e-15       8.497769854322e-16       0.000000000000e+00       0.000000000000e+00       0.000000000000e+00 
  370       2.952356983657e-13       1.217678108223e-15       5.006395882781e-15       8.491954461084e-16       0.000000000000e+00       0.000000000000e+00       0.000000000000e+00 
  371       2.950406917640e-13       1.204451599772e-15       4.741695322085e-15       8.487266146470e-16       0.000000000000e+00       0.000000000000e+00       0.000000000000e+00 
  372       2.946775284948e-13       1.192300842944e-15       4.478150211356e-15       8.483647689189e-16       0.000000000000e+00       0.000000000000e+00       0.000000000000e+00 
  373       2.941490950194e-13       1.181210761571e-15       4.215942820244e-15       8.481052281670e-16       0.000000000000e+00       0.000000000000e+00       0.000000000000e+00 
  374       2.934583811116e-13       1.171165644700e-15       3.955258502719e-15       8.479431772615e-16       0.000000000000e+00       0.000000000000e+00       0.000000000000e+00 
  375       2.926084806363e-13       1.162149141608e-15       3.696285715243e-15       8.478736657145e-16       0.000000000000e+00       0.000000000000e+00       0.000000000000e+00 
  376       2.916025923293e-13       1.154144256829e-15       3.439216034943e-15       8.478916066962e-16       0.000000000000e+00       0.000000000000e+00       0.000000000000e+00 
  377       2.904440205756e-13       1.147133345172e-15       3.184244177784e-15       8.479917760502e-16       0.000000000000e+00       0.000000000000e+00       0.000000000000e+00 
  378       2.891361761893e-13       1.141098106745e-15       2.931568016740e-15       8.481688113090e-16       0.000000000000e+00       0.000000000000e+00       0.000000000000e+00 
  379       2.876825771923e-13       1.136019581977e-15       2.681388599970e-15       8.484172107100e-16       0.000000000000e+00       0.000000000000e+00       0.000000000000e+00 
  380       2.860868495935e-13       1.131878146637e-15       2.433910168989e-15       8.487313322102e-16       0.000000000000e+00       0.000000000000e+00       0.000000000000e+00 
  381       2.843527281679e-13       1.128653506857e-15       2.189340176840e-15       8.491053925026e-16       0.000000000000e+00       0.000000000000e+00       0.000000000000e+00 
  382       2.824840572359e-13       1.126324694155e-15       1.947889306267e-15       8.495334660313e-16       0.000000000000e+00       0.000000000000e+00       0.000000000000e+00 
  383       2.804847914421e-13       1.124870060456e-15       1.709771487892e-15       8.500094840073e-16       0.000000000000e+00       0.000000000000e+00       0.000000000000e+00 
  384       2.783589965349e-13       1.124267273112e-15       1.475203918380e-15       8.505272334238e-16       0.000000000000e+00       0.000000000000e+00       0.000000000000e+00 
  385       2.761108501450e-13       1.124493309926e-15       1.244407078620e-15       8.510803560719e-16       0.000000000000e+00       0.000000000000e+00       0.000000000000e+00 
  386       2.737446425651e-13       1.125524454172e-15       1.017604751891e-15       8.516623475562e-16       0.000000000000e+00       0.000000000000e+00       0.000000000000e+00 
  387       2.712647775288e-13       1.127336289616e-15       7.950240420407e-16       8.522665563103e-16       0.000000000000e+00       0.000000000000e+00       0.000000000000e+00 
  388       2.686757729895e-13       1.129903695543e-15       5.768953916532e-16       8.528861826123e-16       0.000000000000e+00       0.000000000000e+00       0.000000000000e+00 
  389       2.659822619000e-13       1.133200841769e-15       3.634526002251e-16       8.535142776004e-16       0.000000000000e+00       0.000000000000e+00       0.000000000000e+00 
  390       2.631889929912e-13       1.137201183674e-15       1.549328423373e-16       8.541437422885e-16       0.000000000000e+00       0.000000000000e+00       0.000000000000e+00 
  391       2.603008315514e-13       1.141877457213e-15      -4.842331417246e-17       8.547673265818e-16       0.000000000000e+00       0.000000000000e+00       0.000000000000e+00 
  392       2.573227602055e-13       1.147201673946e-15      -2.463718900363e-16       8.553776282922e-16       0.000000000000e+00       0.000000000000e+00       0.000000000000e+00 
  393       2.542598796941e-13       1.153145116055e-15      -4.386654763837e-16       8.559670921538e-16       0.000000000000e+00       0.000000000000e+00       0.000000000000e+00 
  394       2.511174096523e-13       1.159678331368e-15      -6.250532165684e-16       8.565280088389e-16       0.000000000000e+00       0.000000000000e+00       0.000000000000e+00 
  395       2.479006893893e-13       1.166771128376e-15      -8.052807879958e-16       8.570525139730e-16       0.000000000000e+00       0.000000000000e+00       0.000000000000e+00 
  396       2.446151786673e-13       1.174392571264e-15      -9.790903839502e-16       8.575325871507e-16       0.000000000000e+00       0.000000000000e+00       0.000000000000e+00 
  397       2.412664584806e-13       1.182510974922e-15      -1.146220695422e-15       8.579600509510e-16       0.000000000000e+00       0.000000000000e+00       0.000000000000e+00 
  398       2.378602318348e-13       1.191093899975e-15      -1.306406892934e-15       8.583265699533e-16       0.000000000000e+00       0.000000000000e+00       0.000000000000e+00 
  399       2.344023245258e-13       1.200108147800e-15      -1.459380608370e-15       8.586236497524e-16       0.000000000000e+00       0.000000000000e+00       0.000000000000e+00 
  400       2.308986859190e-13       1.209519755547e-15      -1.604869916801e-15       8.588426359745e-16       0.000000000000e+00       0.000000000000e+00       0.000000000000e+00 
  401       2.273553897287e-13       1.219293991168e-15      -1.742599318313e-15       8.589747132924e-16       0.000000000000e+00       0.000000000000e+00       0.000000000000e+00 
  402       2.237786347966e-13       1.229395348427e-15      -1.872289719834e-15       8.590109044415e-16       0.000000000000e+00       0.000000000000e+00       0.000000000000e+00 
  403       2.201747458715e-13       1.239787541932e-15      -1.993658416960e-15       8.589420692349e-16       0.000000000000e+00       0.000000000000e+00       0.000000000000e+00 
  404       2.165501743882e-13       1.250433502152e-15      -2.106419075785e-15       8.587589035791e-16       0.000000000000e+00       0.000000000000e+00       0.000000000000e+00 
  405       2.129114992467e-13       1.261295370439e-15      -2.210281714725e-15       8.584519384898e-16       0.000000000000e+00       0.000000000000e+00       0.000000000000e+00 
  406       2.092654275910e-13       1.272334494050e-15      -2.304952686346e-15       8.580115391071e-16       0.000000000000e+00       0.000000000000e+00       0.000000000000e+00 
  407       2.056187955887e-13       1.283511421169e-15      -2.390134659195e-15       8.574279037112e-16       0.000000000000e+00       0.000000000000e+00       0.000000000000e+00 
  408       2.019785692100e-13       1.294785895927e-15      -2.465526599619e-15       8.566910627380e-16       0.000000000000e+00       0.000000000000e+00       0.000000000000e+00 
  409       1.983518450064e-13       1.306116853427e-15      -2.530823753602e-15       8.557908777949e-16       0.000000000000e+00       0.000000000000e+00       0.000000000000e+00 
  410       1.947448899426e-13       1.317467320270e-15      -2.585797167555e-15       8.547190857204e-16       0.000000000000e+00       0.000000000000e+00       0.000000000000e+00 
  411       1.911602218304e-13       1.328819317541e-15      -2.630535391023e-15       8.534755125414e-16       0.000000000000e+00       0.000000000000e+00       0.000000000000e+00 
  412       1.875994270188e-13       1.340159475883e-15      -2.665211299013e-15       8.520620776711e-16       0.000000000000e+00       0.000000000000e+00       0.000000000000e+00 
  413       1.840641120955e-13       1.351474176190e-15      -2.690003364649e-15       8.504807692147e-16       0.000000000000e+00       0.000000000000e+00       0.000000000000e+00 
  414       1.805559039820e-13       1.362749548123e-15      -2.705095697646e-15       8.487336444417e-16       0.000000000000e+00       0.000000000000e+00       0.000000000000e+00 
  415       1.770764500283e-13       1.373971468623e-15      -2.710678082772e-15       8.468228302572e-16       0.000000000000e+00       0.000000000000e+00       0.000000000000e+00 
  416       1.736274181077e-13       1.385125560427e-15      -2.706946018322e-15       8.447505236746e-16       0.000000000000e+00       0.000000000000e+00       0.000000000000e+00 
  417       1.702104967114e-13       1.396197190581e-15      -2.694100754584e-15       8.425189922866e-16       0.000000000000e+00       0.000000000000e+00       0.000000000000e+00 
  418       1.668273950437e-13       1.407171468961e-15      -2.672349332309e-15       8.401305747376e-16       0.000000000000e+00       0.000000000000e+00       0.000000000000e+00 
  419       1.634798431167e-13       1.418033246779e-15      -2.641904621179e-15       8.375876811955e-16       0.000000000000e+00       0.000000000000e+00       0.000000000000e+00 
  420       1.601695918450e-13       1.428767115106e-15      -2.602985358277e-15       8.348927938237e-16       0.000000000000e+00       0.000000000000e+00       0.000000000000e+00 
  421       1.568984131404e-13       1.439357403383e-15      -2.555816186554e-15       8.320484672525e-16       0.000000000000e+00       0.000000000000e+00       0.000000000000e+00 
  422       1.536681000069e-13       1.449788177935e-15      -2.500627693298e-15       8.290573290516e-16       0.000000000000e+00       0.000000000000e+00       0.000000000000e+00 
  423       1.504804666357e-13       1.460043240491e-15      -2.437656448606e-15       8.259220802015e-16       0.000000000000e+00       0.000000000000e+00       0.000000000000e+00 
  424       1.473373484996e-13       1.470106126694e-15      -2.367145043847e-15       8.226454955657e-16       0.000000000000e+00       0.000000000000e+00       0.000000000000e+00 
  425       1.442406024480e-13       1.479960104617e-15      -2.289342130139e-15       8.192304243625e-16       0.000000000000e+00       0.000000000000e+00       0.000000000000e+00 
  426       1.411921068017e-13       1.489588173281e-15      -2.204502456807e-15       8.156797906367e-16       0.000000000000e+00       0.000000000000e+00       0.000000000000e+00 
  427       1.381937614478e-13       1.498973061165e-15      -2.112886909861e-15       8.119965937316e-16       0.000000000000e+00       0.000000000000e+00       0.000000000000e+00 
  428       1.352474879343e-13       1.508097224726e-15      -2.014762550462e-15       8.081839087611e-16       0.000000000000e+00       0.000000000000e+00       0.000000000000e+00 
  429       1.323552295652e-13       1.516942846911e-15      -1.910402653388e-15       8.042448870811e-16       0.000000000000e+00       0.000000000000e+00       0.000000000000e+00 
  430       1.295189514951e-13       1.525491835672e-15      -1.800086745508e-15       8.001827567619e-16       0.000000000000e+00       0.000000000000e+00       0.000000000000e+00 
  431       1.267406408239e-13       1.533725822484e-15      -1.684100644244e-15       7.960008230598e-16       0.000000000000e+00       0.000000000000e+00       0.000000000000e+00 
  432       1.240223066919e-13       1.541626160857e-15      -1.562736496046e-15       7.917024688888e-16       0.000000000000e+00       0.000000000000e+00       0.000000000000e+00 
  433       1.213659803746e-13       1.549173924849e-15      -1.436292814859e-15       7.872911552931e-16       0.000000000000e+00       0.000000000000e+00       0.000000000000e+00 
  434       1.187737153772e-13       1.556349907587e-15      -1.305074520589e-15       7.827704219182e-16       0.000000000000e+00       0.000000000000e+00       0.000000000000e+00 
  435       1.162475875297e-13       1.563134619778e-15      -1.169392977575e-15       7.781438874834e-16       0.000000000000e+00       0.000000000000e+00       0.000000000000e+00 
  436       1.137896950815e-13       1.569508288224e-15      -1.029566033057e-15       7.734152502534e-16       0.000000000000e+00       0.000000000000e+00       0.000000000000e+00 
  437       1.114021587966e-13       1.575450854340e-15      -8.859180556449e-16       7.685882885101e-16       0.000000000000e+00       0.000000000000e+00       0.000000000000e+00 
  438       1.090871220477e-13       1.580941972663e-15      -7.387799737856e-16       7.636668610249e-16       0.000000000000e+00       0.000000000000e+00       0.000000000000e+00 
  439       1.068467509118e-13       1.585961009374e-15      -5.884893142338e-16       7.586549075299e-16       0.000000000000e+00       0.000000000000e+00       0.000000000000e+00 
  440       1.046832342647e-13       1.590487040808e-15      -4.353902405202e-16       7.535564491905e-16       0.000000000000e+00       0.000000000000e+00       0.000000000000e+00 
  441       1.025987838753e-13       1.594498851973e-15      -2.798335914197e-16       7.483755890768e-16       0.000000000000e+00       0.000000000000e+00       0.000000000000e+00 
  442       1.005956345015e-13       1.597974935060e-15      -1.221769194211e-16       7.431165126357e-16       0.000000000000e+00       0.000000000000e+00       0.000000000000e+00 
  443       9.867604398393e-14       1.600893487962e-15       3.721547080493e-17       7.377834881626e-16       0.000000000000e+00       0.000000000000e+00       0.000000000000e+00 
  444       9.684229334139e-14       1.603232412789e-15       1.979724839365e-16       7.323808672735e-16       0.000000000000e+00       0.000000000000e+00       0.000000000000e+00 
  445       9.509668686548e-14       1.604969314379e-15       3.597161955322e-16       7.269130853768e-16       0.000000000000e+00       0.000000000000e+00       0.000000000000e+00 
  446       9.344155221541e-14       1.606081498819e-15       5.220618135616e-16       7.213846621451e-16       0.000000000000e+00       0.000000000000e+00       0.000000000000e+00 
  447       9.187924051284e-14       1.606545971955e-15       6.846176399374e-16       7.158002019871e-16       0.000000000000e+00       0.000000000000e+00       0.000000000000e+00 
  448       9.041212643664e-14       1.606339437908e-15       8.469850320458e-16       7.101643945197e-16       0.000000000000e+00       0.000000000000e+00       0.000000000000e+00 
  449       8.904193898898e-14       1.605443999992e-15       1.008807785761e-15       7.044817348532e-16       0.000000000000e+00       0.000000000000e+00       0.000000000000e+00 
  450       8.776772975237e-14       1.603864469632e-15       1.169922122544e-15       6.987556735214e-16       0.000000000000e+00       0.000000000000e+00       0.000000000000e+00 
  451       8.658783905210e-14       1.601611614808e-15       1.330211481701e-15       6.929894399634e-16       0.000000000000e+00       0.000000000000e+00       0.000000000000e+00 
  452       8.550055903933e-14       1.598696510188e-15       1.489557528594e-15       6.871863205278e-16       0.000000000000e+00       0.000000000000e+00       0.000000000000e+00 
  453       8.450413338837e-14       1.595130539029e-15       1.647840145526e-15       6.813496587784e-16       0.000000000000e+00       0.000000000000e+00       0.000000000000e+00 
  454       8.359675699400e-14       1.590925395082e-15       1.804937422624e-15       6.754828557993e-16       0.000000000000e+00       0.000000000000e+00       0.000000000000e+00 
  455       8.277657566872e-14       1.586093084488e-15       1.960725648721e-15       6.695893705005e-16       0.000000000000e+00       0.000000000000e+00       0.000000000000e+00 
  456       8.204168584008e-14       1.580645927684e-15       2.115079302241e-15       6.636727199234e-16       0.000000000000e+00       0.000000000000e+00       0.000000000000e+00 
  457       8.139013424791e-14       1.574596561305e-15       2.267871042081e-15       6.577364795463e-16       0.000000000000e+00       0.000000000000e+00       0.000000000000e+00 
  458       8.081991764168e-14       1.567957940081e-15       2.418971698494e-15       6.517842835899e-16       0.000000000000e+00       0.000000000000e+00       0.000000000000e+00 
  459       8.032898247772e-14       1.560743338746e-15       2.568250263975e-15       6.458198253227e-16       0.000000000000e+00       0.000000000000e+00       0.000000000000e+00 
  460       7.991522461656e-14       1.552966353933e-15       2.715573884139e-15       6.398468573664e-16       0.000000000000e+00       0.000000000000e+00       0.000000000000e+00 
  461       7.957648902017e-14       1.544640906080e-15       2.860807848610e-15       6.338691920015e-16       0.000000000000e+00       0.000000000000e+00       0.000000000000e+00 
  462       7.931056944932e-14       1.535781241328e-15       3.003815581901e-15       6.278907014728e-16       0.000000000000e+00       0.000000000000e+00       0.000000000000e+00 
  463       7.911520816078e-14       1.526401933428e-15       3.144458634298e-15       6.219153182949e-16       0.000000000000e+00       0.000000000000e+00       0.000000000000e+00 
  464       7.898809560466e-14       1.516517885637e-15       3.282596672741e-15       6.159470355573e-16       0.000000000000e+00       0.000000000000e+00       0.000000000000e+00 
  465       7.892687012170e-14       1.506144332625e-15       3.418087471713e-15       6.099899072305e-16       0.000000000000e+00       0.000000000000e+00       0.000000000000e+00 
  466       7.892911764055e-14       1.495296842372e-15       3.550786904117e-15       6.040480484710e-16       0.000000000000e+00       0.000000000000e+00       0.000000000000e+00 
  467       7.899237137504e-14       1.483991318072e-15       3.680548932162e-15       5.981256359269e-16       0.000000000000e+00       0.000000000000e+00       0.000000000000e+00 
  468       7.911411152149e-14       1.472244000036e-15       3.807225598248e-15       5.922269080435e-16       0.000000000000e+00       0.000000000000e+00       0.000000000000e+00 
  469       7.929176495599e-14       1.460071467591e-15       3.930667015845e-15       5.863561653684e-16       0.000000000000e+00       0.000000000000e+00       0.000000000000e+00 
  470       7.952270493169e-14       1.447490640983e-15       4.050721360380e-15       5.805177708577e-16       0.000000000000e+00       0.000000000000e+00       0.000000000000e+00 
  471       7.980425077610e-14       1.434518783281e-15       4.167234860118e-15       5.747161501806e-16       0.000000000000e+00       0.000000000000e+00       0.000000000000e+00 
  472       8.013366758833e-14       1.421173502272e-15       4.280051787048e-15       5.689557920255e-16       0.000000000000e+00       0.000000000000e+00       0.000000000000e+00 
  473       8.050816593646e-14       1.407472752372e-15       4.389014447762e-15       5.632412484052e-16       0.000000000000e+00       0.000000000000e+00       0.000000000000e+00 
  474       8.092490155474e-14       1.393434836520e-15       4.493963174341e-15       5.575771349626e-16       0.000000000000e+00       0.000000000000e+00       0.000000000000e+00 
  475       8.138097504094e-14       1.379078408084e-15       4.594736315239e-15       5.519681312758e-16       0.000000000000e+00       0.000000000000e+00       0.000000000000e+00 
  476       8.187343155363e-14       1.364422472760e-15       4.691170226165e-15       5.464189811639e-16       0.000000000000e+00       0.000000000000e+00       0.000000000000e+00 
  477       8.239926050942e-14       1.349486390477e-15       4.783099260965e-15       5.409344929924e-16       0.000000000000e+00       0.000000000000e+00       0.000000000000e+00 
  478       8.295539528031e-14       1.334289877295e-15       4.870355762507e-15       5.355195399785e-16       0.000000000000e+00       0.000000000000e+00       0.000000000000e+00 
  479       8.353871289096e-14       1.318853007310e-15       4.952770053566e-15       5.301790604970e-16       0.000000000000e+00       0.000000000000e+00       0.000000000000e+00 
  480       8.414603371594e-14       1.303196214554e-15       5.030170427701e-15       5.249180583853e-16       0.000000000000e+00       0.000000000000e+00       0.000000000000e+00 
  481       8.477412117706e-14       1.287340294896e-15       5.102383140146e-15       5.197416032491e-16       0.000000000000e+00       0.000000000000e+00       0.000000000000e+00 
  482       8.541968144067e-14       1.271306407946e-15       5.169232398687e-15       5.146548307678e-16       0.000000000000e+00       0.000000000000e+00       0.000000000000e+00 
  483       8.607936311488e-14       1.255116078954e-15       5.230540354550e-15       5.096629430001e-16       0.000000000000e+00       0.000000000000e+00       0.000000000000e+00 
  484       8.674975694693e-14       1.238791200715e-15       5.286127093280e-15       5.047712086894e-16       0.000000000000e+00       0.000000000000e+00       0.000000000000e+00 
  485       8.742739552042e-14       1.222354035469e-15       5.335810625629e-15       4.999849635692e-16       0.000000000000e+00       0.000000000000e+00       0.000000000000e+00 
  486       8.810875295263e-14       1.205827216799e-15       5.379406878432e-15       4.953096106687e-16       0.000000000000e+00       0.000000000000e+00       0.000000000000e+00 
  487       8.879024459178e-14       1.189233751542e-15       5.416729685500e-15       4.907506206182e-16       0.000000000000e+00       0.000000000000e+00       0.000000000000e+00 
  488       8.946869229518e-14       1.172594987568e-15       5.447641616788e-15       4.863124233864e-16       0.000000000000e+00       0.000000000000e+00       0.000000000000e+00 
  489       9.014273613390e-14       1.155924446652e-15       5.472208150984e-15       4.819950465341e-16       0.000000000000e+00       0.000000000000e+00       0.000000000000e+00 
  490       9.081146416664e-14       1.139233811549e-15       5.490548079979e-15       4.777973773679e-16       0.000000000000e+00       0.000000000000e+00       0.000000000000e+00 
  491       9.147395059479e-14       1.122534944356e-15       5.502783102441e-15       4.737182621973e-16       0.000000000000e+00       0.000000000000e+00       0.000000000000e+00 
  492       9.212925569388e-14       1.105839887400e-15       5.509037840273e-15       4.697565060828e-16       0.000000000000e+00       0.000000000000e+00       0.000000000000e+00 
  493       9.277642574501e-14       1.089160864108e-15       5.509439855053e-15       4.659108725842e-16       0.000000000000e+00       0.000000000000e+00       0.000000000000e+00 
  494       9.341449296620e-14       1.072510279893e-15       5.504119664488e-15       4.621800835083e-16       0.000000000000e+00       0.000000000000e+00       0.000000000000e+00 
  495       9.404247544387e-14       1.055900723028e-15       5.493210758858e-15       4.585628186570e-16       0.000000000000e+00       0.000000000000e+00       0.000000000000e+00 
  496       9.465937706420e-14       1.039344965527e-15       5.476849617467e-15       4.550577155754e-16       0.000000000000e+00       0.000000000000e+00       0.000000000000e+00 
  497       9.526418744457e-14       1.022855964025e-15       5.455175725091e-15       4.516633692999e-16       0.000000000000e+00       0.000000000000e+00       0.000000000000e+00 
  498       9.585588186500e-14       1.006446860654e-15       5.428331588423e-15       4.483783321056e-16       0.000000000000e+00       0.000000000000e+00       0.000000000000e+00 
  499       9.643342119950e-14       9.901309839239e-16       5.396462752524e-15       4.452011132553e-16       0.000000000000e+00       0.000000000000e+00       0.000000000000e+00 
  500       9.699575184752e-14       9.739218495996e-16       5.359717817272e-15       4.421301787466e-16       0.000000000000e+00       0.000000000000e+00       0.000000000000e+00 
