# dimensionless [l(l+1)/2pi] C_l's for tensor mode
# for l=2 to 500, i.e. number of multipoles equal to 499
#
# -> if you prefer output in CAMB/HealPix/LensPix units/order, set 'format' to 'camb' in input file
# -> if you don't want to see such a header, set 'headers' to 'no' in input file
# -> for CMB lensing (phi), these are C_l^phi-phi for the lensing potential.
#    Remember the conversion factors:
#    C_l^dd (deflection) = l(l+1) C_l^phi-phi
#    C_l^gg (shear/convergence) = 1/4 (l(l+1))^2 C_l^phi-phi
#
# 1:l     2:TT                     3:EE                     4:TE                     5:BB                     6:phiphi                 7:TPhi                   8:Ephi               
    2       1.414447999881e-10       2.155016152178e-15       1.956462926092e-13       4.037096313322e-15       0.000000000000e+00       0.000000000000e+00       0.000000000000e+00 
    3       1.082538165892e-10       2.012006497759e-15       3.373032514917e-14       3.796190728924e-15       0.000000000000e+00       0.000000000000e+00       0.000000000000e+00 
    4       9.740514549001e-11       1.647690708630e-15      -1.377806624937e-14       3.070367903947e-15       0.000000000000e+00       0.000000000000e+00       0.000000000000e+00 
    5       9.297474525264e-11       1.176276965283e-15      -2.648517745414e-14       2.230860172418e-15       0.000000000000e+00       0.000000000000e+00       0.000000000000e+00 
    6       9.041593835594e-11       7.755177289847e-16      -2.855568891733e-14       1.508715115119e-15       0.000000000000e+00       0.000000000000e+00       0.000000000000e+00 
    7       8.882462766808e-11       5.277766860337e-16      -2.811657426217e-14       9.974333674886e-16       0.000000000000e+00       0.000000000000e+00       0.000000000000e+00 
    8       8.775299010532e-11       4.312591866287e-16      -2.819129651424e-14       6.986441117493e-16       0.000000000000e+00       0.000000000000e+00       0.000000000000e+00 
    9       8.696836154245e-11       4.436322361872e-16      -2.958756368213e-14       5.698460537605e-16       0.000000000000e+00       0.000000000000e+00       0.000000000000e+00 
   10       8.634225321914e-11       5.182550301424e-16      -3.227381022053e-14       5.579389146362e-16       0.000000000000e+00       0.000000000000e+00       0.000000000000e+00 
   11       8.579978011279e-11       6.222436562542e-16      -3.598801727285e-14       6.168702131536e-16       0.000000000000e+00       0.000000000000e+00       0.000000000000e+00 
   12       8.529621287833e-11       7.385520873652e-16      -4.047994646982e-14       7.144357845763e-16       0.000000000000e+00       0.000000000000e+00       0.000000000000e+00 
   13       8.480499495548e-11       8.615363860568e-16      -4.558296984084e-14       8.312667235831e-16       0.000000000000e+00       0.000000000000e+00       0.000000000000e+00 
   14       8.431079343686e-11       9.901932664610e-16      -5.120101252344e-14       9.581380906950e-16       0.000000000000e+00       0.000000000000e+00       0.000000000000e+00 
   15       8.380504924864e-11       1.125370109509e-15      -5.728571754328e-14       1.090980693861e-15       0.000000000000e+00       0.000000000000e+00       0.000000000000e+00 
   16       8.328326312665e-11       1.267005425473e-15      -6.382193557706e-14       1.229077068344e-15       0.000000000000e+00       0.000000000000e+00       0.000000000000e+00 
   17       8.274338580895e-11       1.415417698355e-15      -7.080280307761e-14       1.371752435368e-15       0.000000000000e+00       0.000000000000e+00       0.000000000000e+00 
   18       8.217882720521e-11       1.569745958502e-15      -7.821433958803e-14       1.519406280103e-15       0.000000000000e+00       0.000000000000e+00       0.000000000000e+00 
   19       8.160769447114e-11       1.729619316699e-15      -8.604298477752e-14       1.671927306140e-15       0.000000000000e+00       0.000000000000e+00       0.000000000000e+00 
   20       8.101112195979e-11       1.895033538873e-15      -9.426674062379e-14       1.828992136718e-15       0.000000000000e+00       0.000000000000e+00       0.000000000000e+00 
   21       8.039982201795e-11       2.065961702247e-15      -1.028612720829e-13       1.990445170408e-15       0.000000000000e+00       0.000000000000e+00       0.000000000000e+00 
   22       7.976830811872e-11       2.242420712393e-15      -1.117957685270e-13       2.156216993527e-15       0.000000000000e+00       0.000000000000e+00       0.000000000000e+00 
   23       7.912471662410e-11       2.424418820272e-15      -1.210421443901e-13       2.326105383785e-15       0.000000000000e+00       0.000000000000e+00       0.000000000000e+00 
   24       7.846322453461e-11       2.611965069558e-15      -1.305696869935e-13       2.499859535741e-15       0.000000000000e+00       0.000000000000e+00       0.000000000000e+00 
   25       7.778717569611e-11       2.804917414244e-15      -1.403502116866e-13       2.677130524339e-15       0.000000000000e+00       0.000000000000e+00       0.000000000000e+00 
   26       7.709131896194e-11       3.003071649610e-15      -1.503547884318e-13       2.857550508782e-15       0.000000000000e+00       0.000000000000e+00       0.000000000000e+00 
   27       7.638609202010e-11       3.206181664501e-15      -1.605586490773e-13       3.040853389230e-15       0.000000000000e+00       0.000000000000e+00       0.000000000000e+00 
   28       7.567261777008e-11       3.413966816564e-15      -1.709368946834e-13       3.226822005643e-15       0.000000000000e+00       0.000000000000e+00       0.000000000000e+00 
   29       7.493970294329e-11       3.626119182319e-15      -1.814634303875e-13       3.415242280439e-15       0.000000000000e+00       0.000000000000e+00       0.000000000000e+00 
   30       7.419392765658e-11       3.842321735763e-15      -1.921137609763e-13       3.605817043044e-15       0.000000000000e+00       0.000000000000e+00       0.000000000000e+00 
   31       7.343829961750e-11       4.062233011141e-15      -2.028632626105e-13       3.798217997731e-15       0.000000000000e+00       0.000000000000e+00       0.000000000000e+00 
   32       7.266783423178e-11       4.285518931206e-15      -2.136870998657e-13       3.992124484852e-15       0.000000000000e+00       0.000000000000e+00       0.000000000000e+00 
   33       7.188664415696e-11       4.511988992275e-15      -2.245624261893e-13       4.187285103764e-15       0.000000000000e+00       0.000000000000e+00       0.000000000000e+00 
   34       7.109511171707e-11       4.741511535589e-15      -2.354670799571e-13       4.383479915653e-15       0.000000000000e+00       0.000000000000e+00       0.000000000000e+00 
   35       7.028864720374e-11       4.973951100471e-15      -2.463789828728e-13       4.580491877678e-15       0.000000000000e+00       0.000000000000e+00       0.000000000000e+00 
   36       6.947240740335e-11       5.209067674529e-15      -2.572757989842e-13       4.778059393525e-15       0.000000000000e+00       0.000000000000e+00       0.000000000000e+00 
   37       6.865034743789e-11       5.446582758093e-15      -2.681352633675e-13       4.975907903011e-15       0.000000000000e+00       0.000000000000e+00       0.000000000000e+00 
   38       6.782049879085e-11       5.686204963105e-15      -2.789353483650e-13       5.173762298508e-15       0.000000000000e+00       0.000000000000e+00       0.000000000000e+00 
   39       6.697782482470e-11       5.927647321826e-15      -2.896544542280e-13       5.371346557246e-15       0.000000000000e+00       0.000000000000e+00       0.000000000000e+00 
   40       6.612552792101e-11       6.170688385201e-15      -3.002719145900e-13       5.568382776253e-15       0.000000000000e+00       0.000000000000e+00       0.000000000000e+00 
   41       6.526651778506e-11       6.415130531997e-15      -3.107677629263e-13       5.764591609481e-15       0.000000000000e+00       0.000000000000e+00       0.000000000000e+00 
   42       6.439986980426e-11       6.660784132460e-15      -3.211226848968e-13       5.959692352243e-15       0.000000000000e+00       0.000000000000e+00       0.000000000000e+00 
   43       6.352286522166e-11       6.907449610293e-15      -3.313177410636e-13       6.153409625848e-15       0.000000000000e+00       0.000000000000e+00       0.000000000000e+00 
   44       6.263877520863e-11       7.154855677273e-15      -3.413332656540e-13       6.345496248410e-15       0.000000000000e+00       0.000000000000e+00       0.000000000000e+00 
   45       6.175086111532e-11       7.402702741788e-15      -3.511497425917e-13       6.535717263191e-15       0.000000000000e+00       0.000000000000e+00       0.000000000000e+00 
   46       6.085994290094e-11       7.650679091285e-15      -3.607481696782e-13       6.723844021985e-15       0.000000000000e+00       0.000000000000e+00       0.000000000000e+00 
   47       5.996417143975e-11       7.898460258625e-15      -3.701101066319e-13       6.909654478970e-15       0.000000000000e+00       0.000000000000e+00       0.000000000000e+00 
   48       5.906068094042e-11       8.145735932821e-15      -3.792190418563e-13       7.092933604626e-15       0.000000000000e+00       0.000000000000e+00       0.000000000000e+00 
   49       5.815162829656e-11       8.392301140044e-15      -3.880648362454e-13       7.273474079825e-15       0.000000000000e+00       0.000000000000e+00       0.000000000000e+00 
   50       5.723946495132e-11       8.637989676743e-15      -3.966406145686e-13       7.451076302264e-15       0.000000000000e+00       0.000000000000e+00       0.000000000000e+00 
   51       5.632507689412e-11       8.882649562018e-15      -4.049416685925e-13       7.625548576068e-15       0.000000000000e+00       0.000000000000e+00       0.000000000000e+00 
   52       5.540765289078e-11       9.126143809300e-15      -4.129655724015e-13       7.796707411771e-15       0.000000000000e+00       0.000000000000e+00       0.000000000000e+00 
   53       5.448580098831e-11       9.368334199131e-15      -4.207101120301e-13       7.964378732025e-15       0.000000000000e+00       0.000000000000e+00       0.000000000000e+00 
   54       5.356153840644e-11       9.609025922428e-15      -4.281661838879e-13       8.128401162228e-15       0.000000000000e+00       0.000000000000e+00       0.000000000000e+00 
   55       5.263709796219e-11       9.848010047551e-15      -4.353232712031e-13       8.288624108875e-15       0.000000000000e+00       0.000000000000e+00       0.000000000000e+00 
   56       5.171369195648e-11       1.008507933082e-14      -4.421714930141e-13       8.444907258230e-15       0.000000000000e+00       0.000000000000e+00       0.000000000000e+00 
   57       5.079143274280e-11       1.032002827547e-14      -4.487016278468e-13       8.597120914275e-15       0.000000000000e+00       0.000000000000e+00       0.000000000000e+00 
   58       4.986925329598e-11       1.055265319053e-14      -4.549051373927e-13       8.745146336668e-15       0.000000000000e+00       0.000000000000e+00       0.000000000000e+00 
   59       4.894579087755e-11       1.078275744405e-14      -4.607743744712e-13       8.888871851719e-15       0.000000000000e+00       0.000000000000e+00       0.000000000000e+00 
   60       4.802245807321e-11       1.101016851334e-14      -4.663032095355e-13       9.028179363128e-15       0.000000000000e+00       0.000000000000e+00       0.000000000000e+00 
   61       4.710094582574e-11       1.123472500545e-14      -4.714865917657e-13       9.162955300351e-15       0.000000000000e+00       0.000000000000e+00       0.000000000000e+00 
   62       4.618227721663e-11       1.145627204133e-14      -4.763204068909e-13       9.293094760835e-15       0.000000000000e+00       0.000000000000e+00       0.000000000000e+00 
   63       4.526676068219e-11       1.167466149081e-14      -4.808015071140e-13       9.418501704677e-15       0.000000000000e+00       0.000000000000e+00       0.000000000000e+00 
   64       4.435394322959e-11       1.188975220765e-14      -4.849277410363e-13       9.539089149295e-15       0.000000000000e+00       0.000000000000e+00       0.000000000000e+00 
   65       4.344320157836e-11       1.210140125627e-14      -4.886975946883e-13       9.654774994484e-15       0.000000000000e+00       0.000000000000e+00       0.000000000000e+00 
   66       4.253576618047e-11       1.230943490481e-14      -4.921089590447e-13       9.765468032682e-15       0.000000000000e+00       0.000000000000e+00       0.000000000000e+00 
   67       4.163304348860e-11       1.251367189087e-14      -4.951601542124e-13       9.871079315147e-15       0.000000000000e+00       0.000000000000e+00       0.000000000000e+00 
   68       4.073598745565e-11       1.271393187098e-14      -4.978503139833e-13       9.971526331218e-15       0.000000000000e+00       0.000000000000e+00       0.000000000000e+00 
   69       3.984507059485e-11       1.291003540369e-14      -5.001794048808e-13       1.006673308075e-14       0.000000000000e+00       0.000000000000e+00       0.000000000000e+00 
   70       3.896025503985e-11       1.310180393252e-14      -5.021482452066e-13       1.015663014654e-14       0.000000000000e+00       0.000000000000e+00       0.000000000000e+00 
   71       3.808096360494e-11       1.328905976906e-14      -5.037585240870e-13       1.024115476680e-14       0.000000000000e+00       0.000000000000e+00       0.000000000000e+00 
   72       3.720657010871e-11       1.347163392755e-14      -5.050125012785e-13       1.032025411054e-14       0.000000000000e+00       0.000000000000e+00       0.000000000000e+00 
   73       3.633804361702e-11       1.364939140749e-14      -5.059119975468e-13       1.039389567074e-14       0.000000000000e+00       0.000000000000e+00       0.000000000000e+00 
   74       3.547656898300e-11       1.382221075598e-14      -5.064592440092e-13       1.046205900632e-14       0.000000000000e+00       0.000000000000e+00       0.000000000000e+00 
   75       3.462303875409e-11       1.398997680562e-14      -5.066571957623e-13       1.052473285910e-14       0.000000000000e+00       0.000000000000e+00       0.000000000000e+00 
   76       3.377803608753e-11       1.415258083684e-14      -5.065095436405e-13       1.058191529927e-14       0.000000000000e+00       0.000000000000e+00       0.000000000000e+00 
   77       3.294181766581e-11       1.430992074017e-14      -5.060207259737e-13       1.063361387101e-14       0.000000000000e+00       0.000000000000e+00       0.000000000000e+00 
   78       3.211429661213e-11       1.446190117851e-14      -5.051959403455e-13       1.067984573803e-14       0.000000000000e+00       0.000000000000e+00       0.000000000000e+00 
   79       3.129502540586e-11       1.460843374947e-14      -5.040411553512e-13       1.072063782918e-14       0.000000000000e+00       0.000000000000e+00       0.000000000000e+00 
   80       3.048355440158e-11       1.474943350288e-14      -5.025626824351e-13       1.075602126700e-14       0.000000000000e+00       0.000000000000e+00       0.000000000000e+00 
   81       2.968061667585e-11       1.488480743993e-14      -5.007657799039e-13       1.078601321907e-14       0.000000000000e+00       0.000000000000e+00       0.000000000000e+00 
   82       2.888711872332e-11       1.501446430368e-14      -4.986558268072e-13       1.081063214585e-14       0.000000000000e+00       0.000000000000e+00       0.000000000000e+00 
   83       2.810377315668e-11       1.513831813965e-14      -4.962387448808e-13       1.082990327679e-14       0.000000000000e+00       0.000000000000e+00       0.000000000000e+00 
   84       2.733108857773e-11       1.525628839071e-14      -4.935210021579e-13       1.084385865002e-14       0.000000000000e+00       0.000000000000e+00       0.000000000000e+00 
   85       2.656935944847e-11       1.536829999179e-14      -4.905096165806e-13       1.085253715201e-14       0.000000000000e+00       0.000000000000e+00       0.000000000000e+00 
   86       2.581865596218e-11       1.547428346475e-14      -4.872121596109e-13       1.085598455736e-14       0.000000000000e+00       0.000000000000e+00       0.000000000000e+00 
   87       2.507881391454e-11       1.557417501311e-14      -4.836367598424e-13       1.085425356839e-14       0.000000000000e+00       0.000000000000e+00       0.000000000000e+00 
   88       2.434942457465e-11       1.566791661688e-14      -4.797921066115e-13       1.084740385491e-14       0.000000000000e+00       0.000000000000e+00       0.000000000000e+00 
   89       2.363010178422e-11       1.575545627116e-14      -4.756870408333e-13       1.083550026059e-14       0.000000000000e+00       0.000000000000e+00       0.000000000000e+00 
   90       2.292135335151e-11       1.583674853820e-14      -4.713292460805e-13       1.081860701328e-14       0.000000000000e+00       0.000000000000e+00       0.000000000000e+00 
   91       2.222382832505e-11       1.591175425695e-14      -4.667263578756e-13       1.079679267540e-14       0.000000000000e+00       0.000000000000e+00       0.000000000000e+00 
   92       2.153804604195e-11       1.598044050264e-14      -4.618863556513e-13       1.077013190844e-14       0.000000000000e+00       0.000000000000e+00       0.000000000000e+00 
   93       2.086439015219e-11       1.604278068366e-14      -4.568175601783e-13       1.073870548518e-14       0.000000000000e+00       0.000000000000e+00       0.000000000000e+00 
   94       2.020310264294e-11       1.609875463855e-14      -4.515286309924e-13       1.070260030193e-14       0.000000000000e+00       0.000000000000e+00       0.000000000000e+00 
   95       1.955427786289e-11       1.614834873293e-14      -4.460285638217e-13       1.066190939074e-14       0.000000000000e+00       0.000000000000e+00       0.000000000000e+00 
   96       1.891785654656e-11       1.619155595646e-14      -4.403266880146e-13       1.061673193168e-14       0.000000000000e+00       0.000000000000e+00       0.000000000000e+00 
   97       1.829361983858e-11       1.622837601978e-14      -4.344326639670e-13       1.056717326502e-14       0.000000000000e+00       0.000000000000e+00       0.000000000000e+00 
   98       1.768118331808e-11       1.625881545148e-14      -4.283564805495e-13       1.051334490350e-14       0.000000000000e+00       0.000000000000e+00       0.000000000000e+00 
   99       1.708019121726e-11       1.628288571102e-14      -4.221080966972e-13       1.045536040225e-14       0.000000000000e+00       0.000000000000e+00       0.000000000000e+00 
  100       1.649094338351e-11       1.630059701315e-14      -4.156963138132e-13       1.039332227470e-14       0.000000000000e+00       0.000000000000e+00       0.000000000000e+00 
  101       1.591384643319e-11       1.631196380479e-14      -4.091297381288e-13       1.032733323757e-14       0.000000000000e+00       0.000000000000e+00       0.000000000000e+00 
  102       1.534921797556e-11       1.631700674302e-14      -4.024171154941e-13       1.025750015026e-14       0.000000000000e+00       0.000000000000e+00       0.000000000000e+00 
  103       1.479728306365e-11       1.631575276792e-14      -3.955673244916e-13       1.018393397689e-14       0.000000000000e+00       0.000000000000e+00       0.000000000000e+00 
  104       1.425817064521e-11       1.630823517554e-14      -3.885893695514e-13       1.010674974837e-14       0.000000000000e+00       0.000000000000e+00       0.000000000000e+00 
  105       1.373191001358e-11       1.629449369076e-14      -3.814923740648e-13       1.002606652432e-14       0.000000000000e+00       0.000000000000e+00       0.000000000000e+00 
  106       1.321842725865e-11       1.627457454019e-14      -3.742855734987e-13       9.942007355218e-15       0.000000000000e+00       0.000000000000e+00       0.000000000000e+00 
  107       1.271754171775e-11       1.624853052508e-14      -3.669783085098e-13       9.854699244309e-15       0.000000000000e+00       0.000000000000e+00       0.000000000000e+00 
  108       1.222896242654e-11       1.621642109422e-14      -3.595800180591e-13       9.764273109698e-15       0.000000000000e+00       0.000000000000e+00       0.000000000000e+00 
  109       1.175228456999e-11       1.617831241687e-14      -3.521002325260e-13       9.670863746343e-15       0.000000000000e+00       0.000000000000e+00       0.000000000000e+00 
  110       1.128713945714e-11       1.613427446160e-14      -3.445483366616e-13       9.574606011884e-15       0.000000000000e+00       0.000000000000e+00       0.000000000000e+00 
  111       1.083367387472e-11       1.608437165183e-14      -3.369328387434e-13       9.475622910787e-15       0.000000000000e+00       0.000000000000e+00       0.000000000000e+00 
  112       1.039212572393e-11       1.602867114528e-14      -3.292619945671e-13       9.374035907060e-15       0.000000000000e+00       0.000000000000e+00       0.000000000000e+00 
  113       9.962673963566e-12       1.596724576405e-14      -3.215440202033e-13       9.269968489904e-15       0.000000000000e+00       0.000000000000e+00       0.000000000000e+00 
  114       9.545436569685e-12       1.590017403813e-14      -3.137870828494e-13       9.163546098621e-15       0.000000000000e+00       0.000000000000e+00       0.000000000000e+00 
  115       9.140468495409e-12       1.582754024882e-14      -3.059992916821e-13       9.054896047525e-15       0.000000000000e+00       0.000000000000e+00       0.000000000000e+00 
  116       8.747759630655e-12       1.574943447224e-14      -2.981886887097e-13       8.944147450851e-15       0.000000000000e+00       0.000000000000e+00       0.000000000000e+00 
  117       8.367232761879e-12       1.566595262282e-14      -2.903632396241e-13       8.831431147664e-15       0.000000000000e+00       0.000000000000e+00       0.000000000000e+00 
  118       7.998741531829e-12       1.557719649674e-14      -2.825308246530e-13       8.716879626769e-15       0.000000000000e+00       0.000000000000e+00       0.000000000000e+00 
  119       7.642068399290e-12       1.548327381543e-14      -2.746992294124e-13       8.600626951620e-15       0.000000000000e+00       0.000000000000e+00       0.000000000000e+00 
  120       7.296922598832e-12       1.538429826902e-14      -2.668761357587e-13       8.482808685229e-15       0.000000000000e+00       0.000000000000e+00       0.000000000000e+00 
  121       6.962938100557e-12       1.528038955987e-14      -2.590691126408e-13       8.363561815077e-15       0.000000000000e+00       0.000000000000e+00       0.000000000000e+00 
  122       6.639671569845e-12       1.517167344599e-14      -2.512856069524e-13       8.243024678023e-15       0.000000000000e+00       0.000000000000e+00       0.000000000000e+00 
  123       6.326717385385e-12       1.505827724749e-14      -2.435328628241e-13       8.121333441006e-15       0.000000000000e+00       0.000000000000e+00       0.000000000000e+00 
  124       6.024072000846e-12       1.494031568863e-14      -2.358176884864e-13       7.998611245308e-15       0.000000000000e+00       0.000000000000e+00       0.000000000000e+00 
  125       5.731807791652e-12       1.481790350366e-14      -2.281466452591e-13       7.874977667845e-15       0.000000000000e+00       0.000000000000e+00       0.000000000000e+00 
  126       5.449958638166e-12       1.469115983586e-14      -2.205261071016e-13       7.750551952529e-15       0.000000000000e+00       0.000000000000e+00       0.000000000000e+00 
  127       5.178518806433e-12       1.456020824531e-14      -2.129622509018e-13       7.625452908081e-15       0.000000000000e+00       0.000000000000e+00       0.000000000000e+00 
  128       4.917441828919e-12       1.442517671672e-14      -2.054610467659e-13       7.499798805838e-15       0.000000000000e+00       0.000000000000e+00       0.000000000000e+00 
  129       4.666639385252e-12       1.428619766715e-14      -1.980282483071e-13       7.373707277572e-15       0.000000000000e+00       0.000000000000e+00       0.000000000000e+00 
  130       4.425980182963e-12       1.414340795385e-14      -1.906693829352e-13       7.247295213292e-15       0.000000000000e+00       0.000000000000e+00       0.000000000000e+00 
  131       4.195288838229e-12       1.399694888199e-14      -1.833897421452e-13       7.120678659063e-15       0.000000000000e+00       0.000000000000e+00       0.000000000000e+00 
  132       3.974344756610e-12       1.384696621245e-14      -1.761943718073e-13       6.993972714812e-15       0.000000000000e+00       0.000000000000e+00       0.000000000000e+00 
  133       3.762881013795e-12       1.369361016962e-14      -1.690880624556e-13       6.867291432139e-15       0.000000000000e+00       0.000000000000e+00       0.000000000000e+00 
  134       3.560583236338e-12       1.353703544916e-14      -1.620753395772e-13       6.740747712132e-15       0.000000000000e+00       0.000000000000e+00       0.000000000000e+00 
  135       3.367088482403e-12       1.337740122579e-14      -1.551604539018e-13       6.614453203174e-15       0.000000000000e+00       0.000000000000e+00       0.000000000000e+00 
  136       3.181984122500e-12       1.321487116107e-14      -1.483473716908e-13       6.488518198757e-15       0.000000000000e+00       0.000000000000e+00       0.000000000000e+00 
  137       3.004891457987e-12       1.304960754935e-14      -1.416399365074e-13       6.363050079522e-15       0.000000000000e+00       0.000000000000e+00       0.000000000000e+00 
  138       2.835728711445e-12       1.288175305547e-14      -1.350423939772e-13       6.238148673749e-15       0.000000000000e+00       0.000000000000e+00       0.000000000000e+00 
  139       2.674473254860e-12       1.271144709328e-14      -1.285589031702e-13       6.113910220784e-15       0.000000000000e+00       0.000000000000e+00       0.000000000000e+00 
  140       2.521078737654e-12       1.253883148869e-14      -1.221933614496e-13       5.990428673341e-15       0.000000000000e+00       0.000000000000e+00       0.000000000000e+00 
  141       2.375474505278e-12       1.236405045030e-14      -1.159493958497e-13       5.867795586070e-15       0.000000000000e+00       0.000000000000e+00       0.000000000000e+00 
  142       2.237565017793e-12       1.218725053991e-14      -1.098303544530e-13       5.746100004128e-15       0.000000000000e+00       0.000000000000e+00       0.000000000000e+00 
  143       2.107229268464e-12       1.200858064316e-14      -1.038392977684e-13       5.625428351749e-15       0.000000000000e+00       0.000000000000e+00       0.000000000000e+00 
  144       1.984320202345e-12       1.182819194005e-14      -9.797899010858e-14       5.505864320819e-15       0.000000000000e+00       0.000000000000e+00       0.000000000000e+00 
  145       1.868664134865e-12       1.164623787555e-14      -9.225189096738e-14       5.387488759445e-15       0.000000000000e+00       0.000000000000e+00       0.000000000000e+00 
  146       1.760060170418e-12       1.146287413013e-14      -8.666014639782e-14       5.270379560523e-15       0.000000000000e+00       0.000000000000e+00       0.000000000000e+00 
  147       1.658279620953e-12       1.127825859041e-14      -8.120558038957e-14       5.154611550313e-15       0.000000000000e+00       0.000000000000e+00       0.000000000000e+00 
  148       1.563065424554e-12       1.109255131964e-14      -7.588968624654e-14       5.040256377009e-15       0.000000000000e+00       0.000000000000e+00       0.000000000000e+00 
  149       1.474131564036e-12       1.090591452833e-14      -7.071361796459e-14       4.927382399309e-15       0.000000000000e+00       0.000000000000e+00       0.000000000000e+00 
  150       1.391162485528e-12       1.071851254484e-14      -6.567818160906e-14       4.816054574986e-15       0.000000000000e+00       0.000000000000e+00       0.000000000000e+00 
  151       1.313812517061e-12       1.053051178588e-14      -6.078382669252e-14       4.706334349463e-15       0.000000000000e+00       0.000000000000e+00       0.000000000000e+00 
  152       1.241705287159e-12       1.034208072715e-14      -5.603063755229e-14       4.598279544375e-15       0.000000000000e+00       0.000000000000e+00       0.000000000000e+00 
  153       1.174497166938e-12       1.015338350376e-14      -5.141871892602e-14       4.491945776470e-15       0.000000000000e+00       0.000000000000e+00       0.000000000000e+00 
  154       1.112075454510e-12       9.964560104151e-15      -4.694941114638e-14       4.387391097154e-15       0.000000000000e+00       0.000000000000e+00       0.000000000000e+00 
  155       1.054377586482e-12       9.775744270769e-15      -4.262417196913e-14       4.284671573684e-15       0.000000000000e+00       0.000000000000e+00       0.000000000000e+00 
  156       1.001328516603e-12       9.587069643428e-15      -3.844418596596e-14       4.183839694829e-15       0.000000000000e+00       0.000000000000e+00       0.000000000000e+00 
  157       9.528404604255e-13       9.398669697437e-15      -3.441035790974e-14       4.084944267234e-15       0.000000000000e+00       0.000000000000e+00       0.000000000000e+00 
  158       9.088126399600e-13       9.210677681729e-15      -3.052330615977e-14       3.988030311788e-15       0.000000000000e+00       0.000000000000e+00       0.000000000000e+00 
  159       8.691310283299e-13       9.023226556992e-15      -2.678335604705e-14       3.893138959989e-15       0.000000000000e+00       0.000000000000e+00       0.000000000000e+00 
  160       8.336680944287e-13       8.836448933799e-15      -2.319053325950e-14       3.800307350302e-15       0.000000000000e+00       0.000000000000e+00       0.000000000000e+00 
  161       8.022825475753e-13       8.650477010743e-15      -1.974455722728e-14       3.709568524535e-15       0.000000000000e+00       0.000000000000e+00       0.000000000000e+00 
  162       7.748190821706e-13       8.465442512561e-15      -1.644483450799e-14       3.620951324193e-15       0.000000000000e+00       0.000000000000e+00       0.000000000000e+00 
  163       7.511081223533e-13       8.281476628269e-15      -1.329045217195e-14       3.534480286851e-15       0.000000000000e+00       0.000000000000e+00       0.000000000000e+00 
  164       7.309655666555e-13       8.098709949292e-15      -1.028017118748e-14       3.450175542514e-15       0.000000000000e+00       0.000000000000e+00       0.000000000000e+00 
  165       7.141925326594e-13       7.917272407594e-15      -7.412419806103e-15       3.368052709982e-15       0.000000000000e+00       0.000000000000e+00       0.000000000000e+00 
  166       7.005751016527e-13       7.737293213807e-15      -4.685286947850e-15       3.288122793220e-15       0.000000000000e+00       0.000000000000e+00       0.000000000000e+00 
  167       6.898840632849e-13       7.558900795364e-15      -2.096515586496e-15       3.210392077716e-15       0.000000000000e+00       0.000000000000e+00       0.000000000000e+00 
  168       6.818746602235e-13       7.382222734630e-15       3.565038651777e-16       3.134862026850e-15       0.000000000000e+00       0.000000000000e+00       0.000000000000e+00 
  169       6.762863328095e-13       7.207385707030e-15       2.676740170129e-15       3.061529178256e-15       0.000000000000e+00       0.000000000000e+00       0.000000000000e+00 
  170       6.728424637137e-13       7.034515419181e-15       4.867527881794e-15       2.990385040192e-15       0.000000000000e+00       0.000000000000e+00       0.000000000000e+00 
  171       6.712924825684e-13       6.863731855837e-15       6.931975053367e-15       2.921421819497e-15       0.000000000000e+00       0.000000000000e+00       0.000000000000e+00 
  172       6.715426540569e-13       6.695134705526e-15       8.871117098194e-15       2.854650358407e-15       0.000000000000e+00       0.000000000000e+00       0.000000000000e+00 
  173       6.735357565509e-13       6.528816595473e-15       1.068562095495e-14       2.790083501706e-15       0.000000000000e+00       0.000000000000e+00       0.000000000000e+00 
  174       6.772096218538e-13       6.364867592998e-15       1.237637427703e-14       2.727730320509e-15       0.000000000000e+00       0.000000000000e+00       0.000000000000e+00 
  175       6.824970526838e-13       6.203375124505e-15       1.394448960377e-14       2.667596032416e-15       0.000000000000e+00       0.000000000000e+00       0.000000000000e+00 
  176       6.893257401571e-13       6.044423894475e-15       1.539130853167e-14       2.609681921675e-15       0.000000000000e+00       0.000000000000e+00       0.000000000000e+00 
  177       6.976181812718e-13       5.888095804456e-15       1.671840588565e-14       2.553985259336e-15       0.000000000000e+00       0.000000000000e+00       0.000000000000e+00 
  178       7.072915963903e-13       5.734469872051e-15       1.792759389022e-14       2.500499223407e-15       0.000000000000e+00       0.000000000000e+00       0.000000000000e+00 
  179       7.182578467237e-13       5.583622149913e-15       1.902092634080e-14       2.449212819017e-15       0.000000000000e+00       0.000000000000e+00       0.000000000000e+00 
  180       7.304233518140e-13       5.435625644734e-15       2.000070277484e-14       2.400110798569e-15       0.000000000000e+00       0.000000000000e+00       0.000000000000e+00 
  181       7.436890070185e-13       5.290550236235e-15       2.086947264313e-14       2.353173581897e-15       0.000000000000e+00       0.000000000000e+00       0.000000000000e+00 
  182       7.579501009923e-13       5.148462596156e-15       2.163003948100e-14       2.308377176429e-15       0.000000000000e+00       0.000000000000e+00       0.000000000000e+00 
  183       7.730962331720e-13       5.009426107250e-15       2.228546507955e-14       2.265693097339e-15       0.000000000000e+00       0.000000000000e+00       0.000000000000e+00 
  184       7.890112312591e-13       4.873500782268e-15       2.283907365686e-14       2.225088287707e-15       0.000000000000e+00       0.000000000000e+00       0.000000000000e+00 
  185       8.055730687030e-13       4.740743182957e-15       2.329445602924e-14       2.186525038676e-15       0.000000000000e+00       0.000000000000e+00       0.000000000000e+00 
  186       8.226537821847e-13       4.611206339044e-15       2.365547378247e-14       2.149960909611e-15       0.000000000000e+00       0.000000000000e+00       0.000000000000e+00 
  187       8.401193890998e-13       4.484939667232e-15       2.392626344299e-14       2.115348648253e-15       0.000000000000e+00       0.000000000000e+00       0.000000000000e+00 
  188       8.578298050419e-13       4.361988890186e-15       2.411124064915e-14       2.082636110881e-15       0.000000000000e+00       0.000000000000e+00       0.000000000000e+00 
  189       8.756387612862e-13       4.242395955528e-15       2.421510432245e-14       2.051766182468e-15       0.000000000000e+00       0.000000000000e+00       0.000000000000e+00 
  190       8.933937222725e-13       4.126198954824e-15       2.424284083873e-14       2.022676696836e-15       0.000000000000e+00       0.000000000000e+00       0.000000000000e+00 
  191       9.109590682826e-13       4.013432343055e-15       2.419904970810e-14       1.995309894467e-15       0.000000000000e+00       0.000000000000e+00       0.000000000000e+00 
  192       9.282877574228e-13       3.904127784207e-15       2.408585543503e-14       1.969641754565e-15       0.000000000000e+00       0.000000000000e+00       0.000000000000e+00 
  193       9.453548923878e-13       3.798313213326e-15       2.390484669993e-14       1.945654714510e-15       0.000000000000e+00       0.000000000000e+00       0.000000000000e+00 
  194       9.621349323017e-13       3.696012462254e-15       2.365774270330e-14       1.923328281749e-15       0.000000000000e+00       0.000000000000e+00       0.000000000000e+00 
  195       9.786016863314e-13       3.597245179605e-15       2.334639511677e-14       1.902638985170e-15       0.000000000000e+00       0.000000000000e+00       0.000000000000e+00 
  196       9.947283072993e-13       3.502026750738e-15       2.297279003410e-14       1.883560326464e-15       0.000000000000e+00       0.000000000000e+00       0.000000000000e+00 
  197       1.010487285296e-12       3.410368217733e-15       2.253904992225e-14       1.866062731495e-15       0.000000000000e+00       0.000000000000e+00       0.000000000000e+00 
  198       1.025850441294e-12       3.322276199360e-15       2.204743557241e-14       1.850113501666e-15       0.000000000000e+00       0.000000000000e+00       0.000000000000e+00 
  199       1.040788920759e-12       3.237752811060e-15       2.150034805102e-14       1.835676765289e-15       0.000000000000e+00       0.000000000000e+00       0.000000000000e+00 
  200       1.055273187265e-12       3.156795584913e-15       2.090033065079e-14       1.822713428946e-15       0.000000000000e+00       0.000000000000e+00       0.000000000000e+00 
  201       1.069273016104e-12       3.079397389614e-15       2.025007084179e-14       1.811181128862e-15       0.000000000000e+00       0.000000000000e+00       0.000000000000e+00 
  202       1.082757487903e-12       3.005546350448e-15       1.955240222242e-14       1.801034182271e-15       0.000000000000e+00       0.000000000000e+00       0.000000000000e+00 
  203       1.095694982233e-12       2.935225769263e-15       1.881030647049e-14       1.792223538780e-15       0.000000000000e+00       0.000000000000e+00       0.000000000000e+00 
  204       1.108053171225e-12       2.868414044443e-15       1.802691529420e-14       1.784696731740e-15       0.000000000000e+00       0.000000000000e+00       0.000000000000e+00 
  205       1.119799013180e-12       2.805084590884e-15       1.720551238326e-14       1.778397829612e-15       0.000000000000e+00       0.000000000000e+00       0.000000000000e+00 
  206       1.130898746185e-12       2.745205759965e-15       1.634953535983e-14       1.773267387332e-15       0.000000000000e+00       0.000000000000e+00       0.000000000000e+00 
  207       1.141317881723e-12       2.688740759526e-15       1.546257772962e-14       1.769242397680e-15       0.000000000000e+00       0.000000000000e+00       0.000000000000e+00 
  208       1.151021198287e-12       2.635647573838e-15       1.454839083288e-14       1.766256242649e-15       0.000000000000e+00       0.000000000000e+00       0.000000000000e+00 
  209       1.159972734995e-12       2.585878883578e-15       1.361088579548e-14       1.764238644809e-15       0.000000000000e+00       0.000000000000e+00       0.000000000000e+00 
  210       1.168135785197e-12       2.539381985806e-15       1.265413547989e-14       1.763115618674e-15       0.000000000000e+00       0.000000000000e+00       0.000000000000e+00 
  211       1.175472890097e-12       2.496098713934e-15       1.168237643627e-14       1.762809422074e-15       0.000000000000e+00       0.000000000000e+00       0.000000000000e+00 
  212       1.181945832356e-12       2.455965357704e-15       1.070001085344e-14       1.763238507515e-15       0.000000000000e+00       0.000000000000e+00       0.000000000000e+00 
  213       1.187523083635e-12       2.418920747215e-15       9.711009992265e-15       1.764328771916e-15       0.000000000000e+00       0.000000000000e+00       0.000000000000e+00 
  214       1.192202719896e-12       2.384931278328e-15       8.717075624335e-15       1.766048251766e-15       0.000000000000e+00       0.000000000000e+00       0.000000000000e+00 
  215       1.195991041931e-12       2.353967423355e-15       7.719358148812e-15       1.768374678021e-15       0.000000000000e+00       0.000000000000e+00       0.000000000000e+00 
  216       1.198895273678e-12       2.325995660707e-15       6.719044324514e-15       1.771284369536e-15       0.000000000000e+00       0.000000000000e+00       0.000000000000e+00 
  217       1.200923575451e-12       2.300978416366e-15       5.717357645282e-15       1.774752214178e-15       0.000000000000e+00       0.000000000000e+00       0.000000000000e+00 
  218       1.202085057182e-12       2.278874005346e-15       4.715558715350e-15       1.778751649936e-15       0.000000000000e+00       0.000000000000e+00       0.000000000000e+00 
  219       1.202389791655e-12       2.259636573165e-15       3.714945624705e-15       1.783254646036e-15       0.000000000000e+00       0.000000000000e+00       0.000000000000e+00 
  220       1.201848827741e-12       2.243216037306e-15       2.716854324456e-15       1.788231684049e-15       0.000000000000e+00       0.000000000000e+00       0.000000000000e+00 
  221       1.200474203636e-12       2.229558028692e-15       1.722659002197e-15       1.793651739003e-15       0.000000000000e+00       0.000000000000e+00       0.000000000000e+00 
  222       1.198278960096e-12       2.218603833144e-15       7.337724573724e-16       1.799482260497e-15       0.000000000000e+00       0.000000000000e+00       0.000000000000e+00 
  223       1.195277153676e-12       2.210290332852e-15      -2.483535233561e-16       1.805689153809e-15       0.000000000000e+00       0.000000000000e+00       0.000000000000e+00 
  224       1.191483869961e-12       2.204549947845e-15      -1.222227790746e-15       1.812236761009e-15       0.000000000000e+00       0.000000000000e+00       0.000000000000e+00 
  225       1.186915236807e-12       2.201310577450e-15      -2.186319457610e-15       1.819087842071e-15       0.000000000000e+00       0.000000000000e+00       0.000000000000e+00 
  226       1.181588437576e-12       2.200495541766e-15      -3.139057523446e-15       1.826203555983e-15       0.000000000000e+00       0.000000000000e+00       0.000000000000e+00 
  227       1.175521724369e-12       2.202023523125e-15      -4.078830499077e-15       1.833543441860e-15       0.000000000000e+00       0.000000000000e+00       0.000000000000e+00 
  228       1.168734431268e-12       2.205808507565e-15      -5.003986031284e-15       1.841065400054e-15       0.000000000000e+00       0.000000000000e+00       0.000000000000e+00 
  229       1.161246987568e-12       2.211759726290e-15      -5.912830527440e-15       1.848725673266e-15       0.000000000000e+00       0.000000000000e+00       0.000000000000e+00 
  230       1.153080931014e-12       2.219781597143e-15      -6.803628780147e-15       1.856478827660e-15       0.000000000000e+00       0.000000000000e+00       0.000000000000e+00 
  231       1.144258921037e-12       2.229773666068e-15      -7.674603591868e-15       1.864277733968e-15       0.000000000000e+00       0.000000000000e+00       0.000000000000e+00 
  232       1.134804751993e-12       2.241630548580e-15      -8.523935399563e-15       1.872073548608e-15       0.000000000000e+00       0.000000000000e+00       0.000000000000e+00 
  233       1.124743366394e-12       2.255241871228e-15      -9.349761899327e-15       1.879815694792e-15       0.000000000000e+00       0.000000000000e+00       0.000000000000e+00 
  234       1.114100868150e-12       2.270492213068e-15      -1.015017767102e-14       1.887451843639e-15       0.000000000000e+00       0.000000000000e+00       0.000000000000e+00 
  235       1.102904535801e-12       2.287261047123e-15      -1.092323380290e-14       1.894927895286e-15       0.000000000000e+00       0.000000000000e+00       0.000000000000e+00 
  236       1.091182835754e-12       2.305422681853e-15      -1.166693751626e-14       1.902187959997e-15       0.000000000000e+00       0.000000000000e+00       0.000000000000e+00 
  237       1.078965435522e-12       2.324846202623e-15      -1.237925179008e-14       1.909174339279e-15       0.000000000000e+00       0.000000000000e+00       0.000000000000e+00 
  238       1.066280485935e-12       2.345411453957e-15      -1.305843143318e-14       1.915836455400e-15       0.000000000000e+00       0.000000000000e+00       0.000000000000e+00 
  239       1.053146257709e-12       2.367058181740e-15      -1.370405466983e-14       1.922158279307e-15       0.000000000000e+00       0.000000000000e+00       0.000000000000e+00 
  240       1.039579023864e-12       2.389739754704e-15      -1.431605332323e-14       1.928132527758e-15       0.000000000000e+00       0.000000000000e+00       0.000000000000e+00 
  241       1.025595752608e-12       2.413407366844e-15      -1.489438232144e-14       1.933751864344e-15       0.000000000000e+00       0.000000000000e+00       0.000000000000e+00 
  242       1.011214114813e-12       2.438010012726e-15      -1.543902003179e-14       1.939008899486e-15       0.000000000000e+00       0.000000000000e+00       0.000000000000e+00 
  243       9.964524914879e-13       2.463494462793e-15      -1.594996859534e-14       1.943896190416e-15       0.000000000000e+00       0.000000000000e+00       0.000000000000e+00 
  244       9.813299812538e-13       2.489805238673e-15      -1.642725426124e-14       1.948406241173e-15       0.000000000000e+00       0.000000000000e+00       0.000000000000e+00 
  245       9.658664078197e-13       2.516884588486e-15      -1.687092772119e-14       1.952531502591e-15       0.000000000000e+00       0.000000000000e+00       0.000000000000e+00 
  246       9.500823274569e-13       2.544672462149e-15      -1.728106444381e-14       1.956264372284e-15       0.000000000000e+00       0.000000000000e+00       0.000000000000e+00 
  247       9.339990364732e-13       2.573106486686e-15      -1.765776500910e-14       1.959597194641e-15       0.000000000000e+00       0.000000000000e+00       0.000000000000e+00 
  248       9.176385786884e-13       2.602121941532e-15      -1.800115544282e-14       1.962522260813e-15       0.000000000000e+00       0.000000000000e+00       0.000000000000e+00 
  249       9.010237529085e-13       2.631651733842e-15      -1.831138755092e-14       1.965031808699e-15       0.000000000000e+00       0.000000000000e+00       0.000000000000e+00 
  250       8.841781204010e-13       2.661626373795e-15      -1.858863925397e-14       1.967118022941e-15       0.000000000000e+00       0.000000000000e+00       0.000000000000e+00 
  251       8.671260123690e-13       2.691973949906e-15      -1.883311492153e-14       1.968773034909e-15       0.000000000000e+00       0.000000000000e+00       0.000000000000e+00 
  252       8.498925374268e-13       2.722620104328e-15      -1.904504570663e-14       1.969988922692e-15       0.000000000000e+00       0.000000000000e+00       0.000000000000e+00 
  253       8.325035890740e-13       2.753488008161e-15      -1.922468988011e-14       1.970757711089e-15       0.000000000000e+00       0.000000000000e+00       0.000000000000e+00 
  254       8.149858531704e-13       2.784498336758e-15      -1.937233316510e-14       1.971071371593e-15       0.000000000000e+00       0.000000000000e+00       0.000000000000e+00 
  255       7.973668154111e-13       2.815569245034e-15      -1.948828907138e-14       1.970921822386e-15       0.000000000000e+00       0.000000000000e+00       0.000000000000e+00 
  256       7.796747688009e-13       2.846616342771e-15      -1.957289922986e-14       1.970300928326e-15       0.000000000000e+00       0.000000000000e+00       0.000000000000e+00 
  257       7.619388211294e-13       2.877552669925e-15      -1.962653372692e-14       1.969200500934e-15       0.000000000000e+00       0.000000000000e+00       0.000000000000e+00 
  258       7.441889024453e-13       2.908288671933e-15      -1.964959143889e-14       1.967612298388e-15       0.000000000000e+00       0.000000000000e+00       0.000000000000e+00 
  259       7.264557725318e-13       2.938732175022e-15      -1.964250036641e-14       1.965528025508e-15       0.000000000000e+00       0.000000000000e+00       0.000000000000e+00 
  260       7.087710283807e-13       2.968788361511e-15      -1.960571796891e-14       1.962939333748e-15       0.000000000000e+00       0.000000000000e+00       0.000000000000e+00 
  261       6.911671116678e-13       2.998359745125e-15      -1.953973149894e-14       1.959837821183e-15       0.000000000000e+00       0.000000000000e+00       0.000000000000e+00 
  262       6.736773162272e-13       3.027346146294e-15      -1.944505833666e-14       1.956215032500e-15       0.000000000000e+00       0.000000000000e+00       0.000000000000e+00 
  263       6.563357955263e-13       3.055644667466e-15      -1.932224632422e-14       1.952062458989e-15       0.000000000000e+00       0.000000000000e+00       0.000000000000e+00 
  264       6.391775701405e-13       3.083149668412e-15      -1.917187410019e-14       1.947371538527e-15       0.000000000000e+00       0.000000000000e+00       0.000000000000e+00 
  265       6.222385352281e-13       3.109752741532e-15      -1.899455143395e-14       1.942133655572e-15       0.000000000000e+00       0.000000000000e+00       0.000000000000e+00 
  266       6.055502232540e-13       3.135359099466e-15      -1.879090320222e-14       1.936343039513e-15       0.000000000000e+00       0.000000000000e+00       0.000000000000e+00 
  267       5.891237617392e-13       3.159937774519e-15      -1.856151966591e-14       1.930005634085e-15       0.000000000000e+00       0.000000000000e+00       0.000000000000e+00 
  268       5.729650589205e-13       3.183474097144e-15      -1.830700414382e-14       1.923130709567e-15       0.000000000000e+00       0.000000000000e+00       0.000000000000e+00 
  269       5.570799686893e-13       3.205953532095e-15      -1.802798943274e-14       1.915728012640e-15       0.000000000000e+00       0.000000000000e+00       0.000000000000e+00 
  270       5.414742892043e-13       3.227361681460e-15      -1.772513811425e-14       1.907807771281e-15       0.000000000000e+00       0.000000000000e+00       0.000000000000e+00 
  271       5.261537615051e-13       3.247684287703e-15      -1.739914286147e-14       1.899380699641e-15       0.000000000000e+00       0.000000000000e+00       0.000000000000e+00 
  272       5.111240681252e-13       3.266907236696e-15      -1.705072674581e-14       1.890458002937e-15       0.000000000000e+00       0.000000000000e+00       0.000000000000e+00 
  273       4.963908317051e-13       3.285016560761e-15      -1.668064354381e-14       1.881051382338e-15       0.000000000000e+00       0.000000000000e+00       0.000000000000e+00 
  274       4.819596136054e-13       3.301998441707e-15      -1.628967804385e-14       1.871173039849e-15       0.000000000000e+00       0.000000000000e+00       0.000000000000e+00 
  275       4.678359125200e-13       3.317839213864e-15      -1.587864635300e-14       1.860835683199e-15       0.000000000000e+00       0.000000000000e+00       0.000000000000e+00 
  276       4.540251630896e-13       3.332525367125e-15      -1.544839620372e-14       1.850052530727e-15       0.000000000000e+00       0.000000000000e+00       0.000000000000e+00 
  277       4.405327345141e-13       3.346043549978e-15      -1.499980726067e-14       1.838837316269e-15       0.000000000000e+00       0.000000000000e+00       0.000000000000e+00 
  278       4.273639291664e-13       3.358380572549e-15      -1.453379142751e-14       1.827204294042e-15       0.000000000000e+00       0.000000000000e+00       0.000000000000e+00 
  279       4.145239812053e-13       3.369523409637e-15      -1.405129315364e-14       1.815168243535e-15       0.000000000000e+00       0.000000000000e+00       0.000000000000e+00 
  280       4.020180551887e-13       3.379459203750e-15      -1.355328974098e-14       1.802744474390e-15       0.000000000000e+00       0.000000000000e+00       0.000000000000e+00 
  281       3.898512446867e-13       3.388175268144e-15      -1.304079165077e-14       1.789948831294e-15       0.000000000000e+00       0.000000000000e+00       0.000000000000e+00 
  282       3.780285708946e-13       3.395659089862e-15      -1.251484281033e-14       1.776797698859e-15       0.000000000000e+00       0.000000000000e+00       0.000000000000e+00 
  283       3.665549812466e-13       3.401898332766e-15      -1.197652091982e-14       1.763308006515e-15       0.000000000000e+00       0.000000000000e+00       0.000000000000e+00 
  284       3.554353480283e-13       3.406880840582e-15      -1.142693775907e-14       1.749497233392e-15       0.000000000000e+00       0.000000000000e+00       0.000000000000e+00 
  285       3.446744669902e-13       3.410594639930e-15      -1.086723949429e-14       1.735383413207e-15       0.000000000000e+00       0.000000000000e+00       0.000000000000e+00 
  286       3.342770559607e-13       3.413027943369e-15      -1.029860698487e-14       1.720985139151e-15       0.000000000000e+00       0.000000000000e+00       0.000000000000e+00 
  287       3.242477534595e-13       3.414169152426e-15      -9.722256090204e-15       1.706321568778e-15       0.000000000000e+00       0.000000000000e+00       0.000000000000e+00 
  288       3.145911173103e-13       3.414006860640e-15      -9.139437976382e-15       1.691412428885e-15       0.000000000000e+00       0.000000000000e+00       0.000000000000e+00 
  289       3.053116232546e-13       3.412529856597e-15      -8.551439423031e-15       1.676278020406e-15       0.000000000000e+00       0.000000000000e+00       0.000000000000e+00 
  290       2.964136635642e-13       3.409727126967e-15      -7.959583130064e-15       1.660939223292e-15       0.000000000000e+00       0.000000000000e+00       0.000000000000e+00 
  291       2.879015456546e-13       3.405587859543e-15      -7.365228024464e-15       1.645417501400e-15       0.000000000000e+00       0.000000000000e+00       0.000000000000e+00 
  292       2.797794906983e-13       3.400101446276e-15      -6.769769567055e-15       1.629734907382e-15       0.000000000000e+00       0.000000000000e+00       0.000000000000e+00 
  293       2.720516322379e-13       3.393257486315e-15      -6.174640059285e-15       1.613914087567e-15       0.000000000000e+00       0.000000000000e+00       0.000000000000e+00 
  294       2.647220147989e-13       3.385045789043e-15      -5.581308949994e-15       1.597978286849e-15       0.000000000000e+00       0.000000000000e+00       0.000000000000e+00 
  295       2.577945925034e-13       3.375456377113e-15      -4.991283142197e-15       1.581951353574e-15       0.000000000000e+00       0.000000000000e+00       0.000000000000e+00 
  296       2.512732276828e-13       3.364479489491e-15      -4.406107299859e-15       1.565857744427e-15       0.000000000000e+00       0.000000000000e+00       0.000000000000e+00 
  297       2.451602493067e-13       3.352111123743e-15      -3.827144928128e-15       1.549719703330e-15       0.000000000000e+00       0.000000000000e+00       0.000000000000e+00 
  298       2.394520534565e-13       3.338369955258e-15      -3.254909190310e-15       1.533548636132e-15       0.000000000000e+00       0.000000000000e+00       0.000000000000e+00 
  299       2.341432858388e-13       3.323281248114e-15      -2.689700092687e-15       1.517353325304e-15       0.000000000000e+00       0.000000000000e+00       0.000000000000e+00 
  300       2.292282593313e-13       3.306871400597e-15      -2.131820782912e-15       1.501142719110e-15       0.000000000000e+00       0.000000000000e+00       0.000000000000e+00 
  301       2.247009506436e-13       3.289167955745e-15      -1.581577559548e-15       1.484925932666e-15       0.000000000000e+00       0.000000000000e+00       0.000000000000e+00 
  302       2.205549969773e-13       3.270199611899e-15      -1.039279881612e-15       1.468712248990e-15       0.000000000000e+00       0.000000000000e+00       0.000000000000e+00 
  303       2.167836926871e-13       3.249996233252e-15      -5.052403781091e-16       1.452511120060e-15       0.000000000000e+00       0.000000000000e+00       0.000000000000e+00 
  304       2.133799859404e-13       3.228588860392e-15       2.022514242100e-17       1.436332167867e-15       0.000000000000e+00       0.000000000000e+00       0.000000000000e+00 
  305       2.103364753787e-13       3.206009720855e-15       5.367976823690e-16       1.420185185470e-15       0.000000000000e+00       0.000000000000e+00       0.000000000000e+00 
  306       2.076454067775e-13       3.182292239668e-15       1.044155045514e-15       1.404080138054e-15       0.000000000000e+00       0.000000000000e+00       0.000000000000e+00 
  307       2.052986697072e-13       3.157471049900e-15       1.541971827482e-15       1.388027163978e-15       0.000000000000e+00       0.000000000000e+00       0.000000000000e+00 
  308       2.032877941930e-13       3.131582003211e-15       2.029919406208e-15       1.372036575837e-15       0.000000000000e+00       0.000000000000e+00       0.000000000000e+00 
  309       2.016039473761e-13       3.104662180393e-15       2.507665932398e-15       1.356118861513e-15       0.000000000000e+00       0.000000000000e+00       0.000000000000e+00 
  310       2.002379301736e-13       3.076749901927e-15       2.974876319981e-15       1.340284685230e-15       0.000000000000e+00       0.000000000000e+00       0.000000000000e+00 
  311       1.991801739395e-13       3.047884738524e-15       3.431212236579e-15       1.324544888610e-15       0.000000000000e+00       0.000000000000e+00       0.000000000000e+00 
  312       1.984207371247e-13       3.018107521674e-15       3.876332093959e-15       1.308910491728e-15       0.000000000000e+00       0.000000000000e+00       0.000000000000e+00 
  313       1.979493019378e-13       2.987460354197e-15       4.309891038497e-15       1.293392694164e-15       0.000000000000e+00       0.000000000000e+00       0.000000000000e+00 
  314       1.977551710054e-13       2.955986620787e-15       4.731540941637e-15       1.278002876061e-15       0.000000000000e+00       0.000000000000e+00       0.000000000000e+00 
  315       1.978272640330e-13       2.923730998562e-15       5.140930390352e-15       1.262752599179e-15       0.000000000000e+00       0.000000000000e+00       0.000000000000e+00 
  316       1.981541144649e-13       2.890739467611e-15       5.537704677600e-15       1.247653607949e-15       0.000000000000e+00       0.000000000000e+00       0.000000000000e+00 
  317       1.987238661451e-13       2.857059321540e-15       5.921505792791e-15       1.232717830527e-15       0.000000000000e+00       0.000000000000e+00       0.000000000000e+00 
  318       1.995242699775e-13       2.822739178024e-15       6.291972412239e-15       1.217957379853e-15       0.000000000000e+00       0.000000000000e+00       0.000000000000e+00 
  319       2.005426805867e-13       2.787828989350e-15       6.648739889627e-15       1.203384554701e-15       0.000000000000e+00       0.000000000000e+00       0.000000000000e+00 
  320       2.017660529785e-13       2.752380052971e-15       6.991440246466e-15       1.189011840734e-15       0.000000000000e+00       0.000000000000e+00       0.000000000000e+00 
  321       2.031809391999e-13       2.716445022044e-15       7.319702162554e-15       1.174851911565e-15       0.000000000000e+00       0.000000000000e+00       0.000000000000e+00 
  322       2.047734850001e-13       2.680077915989e-15       7.633150966438e-15       1.160917629804e-15       0.000000000000e+00       0.000000000000e+00       0.000000000000e+00 
  323       2.065294264908e-13       2.643334131029e-15       7.931408625871e-15       1.147222048116e-15       0.000000000000e+00       0.000000000000e+00       0.000000000000e+00 
  324       2.084340868068e-13       2.606270450739e-15       8.214093738272e-15       1.133778410278e-15       0.000000000000e+00       0.000000000000e+00       0.000000000000e+00 
  325       2.104723727662e-13       2.568945056598e-15       8.480821521192e-15       1.120600152230e-15       0.000000000000e+00       0.000000000000e+00       0.000000000000e+00 
  326       2.126287715311e-13       2.531417538532e-15       8.731203802764e-15       1.107700903133e-15       0.000000000000e+00       0.000000000000e+00       0.000000000000e+00 
  327       2.148873472683e-13       2.493748905462e-15       8.964849012173e-15       1.095094486422e-15       0.000000000000e+00       0.000000000000e+00       0.000000000000e+00 
  328       2.172317378093e-13       2.456001595856e-15       9.181362170106e-15       1.082794920859e-15       0.000000000000e+00       0.000000000000e+00       0.000000000000e+00 
  329       2.196451513112e-13       2.418239488272e-15       9.380344879223e-15       1.070816421594e-15       0.000000000000e+00       0.000000000000e+00       0.000000000000e+00 
  330       2.221103629170e-13       2.380527911910e-15       9.561395314606e-15       1.059173401213e-15       0.000000000000e+00       0.000000000000e+00       0.000000000000e+00 
  331       2.246097114161e-13       2.342933657154e-15       9.724108214227e-15       1.047880470797e-15       0.000000000000e+00       0.000000000000e+00       0.000000000000e+00 
  332       2.271276396977e-13       2.305516431952e-15       9.868183803163e-15       1.036949620066e-15       0.000000000000e+00       0.000000000000e+00       0.000000000000e+00 
  333       2.296584453824e-13       2.268302797579e-15       9.993759835149e-15       1.026381619768e-15       0.000000000000e+00       0.000000000000e+00       0.000000000000e+00 
  334       2.321988618828e-13       2.231311116104e-15       1.010109402216e-14       1.016174246166e-15       0.000000000000e+00       0.000000000000e+00       0.000000000000e+00 
  335       2.347455445432e-13       2.194560003227e-15       1.019045651588e-14       1.006325066107e-15       0.000000000000e+00       0.000000000000e+00       0.000000000000e+00 
  336       2.372950700604e-13       2.158068329542e-15       1.026213001644e-14       9.968314350181e-16       0.000000000000e+00       0.000000000000e+00       0.000000000000e+00 
  337       2.398439359056e-13       2.121855221800e-15       1.031640988106e-14       9.876904948930e-16       0.000000000000e+00       0.000000000000e+00       0.000000000000e+00 
  338       2.423885597459e-13       2.085940064172e-15       1.035360423280e-14       9.788991722905e-16       0.000000000000e+00       0.000000000000e+00       0.000000000000e+00 
  339       2.449252788661e-13       2.050342499512e-15       1.037403406922e-14       9.704541763246e-16       0.000000000000e+00       0.000000000000e+00       0.000000000000e+00 
  340       2.474503495898e-13       2.015082430621e-15       1.037803337110e-14       9.623519966584e-16       0.000000000000e+00       0.000000000000e+00       0.000000000000e+00 
  341       2.499599467016e-13       1.980180021508e-15       1.036594921115e-14       9.545889014968e-16       0.000000000000e+00       0.000000000000e+00       0.000000000000e+00 
  342       2.524501628680e-13       1.945655698653e-15       1.033814186267e-14       9.471609355795e-16       0.000000000000e+00       0.000000000000e+00       0.000000000000e+00 
  343       2.549170080597e-13       1.911530152270e-15       1.029498490831e-14       9.400639181738e-16       0.000000000000e+00       0.000000000000e+00       0.000000000000e+00 
  344       2.573564089726e-13       1.877824337573e-15       1.023686534869e-14       9.332934410678e-16       0.000000000000e+00       0.000000000000e+00       0.000000000000e+00 
  345       2.597642084496e-13       1.844559476034e-15       1.016418371118e-14       9.268448665630e-16       0.000000000000e+00       0.000000000000e+00       0.000000000000e+00 
  346       2.621361649024e-13       1.811757056649e-15       1.007735415852e-14       9.207133254675e-16       0.000000000000e+00       0.000000000000e+00       0.000000000000e+00 
  347       2.644679517325e-13       1.779438837198e-15       9.976804597609e-15       9.148937150890e-16       0.000000000000e+00       0.000000000000e+00       0.000000000000e+00 
  348       2.667551567534e-13       1.747626845512e-15       9.862976788115e-15       9.093806972272e-16       0.000000000000e+00       0.000000000000e+00       0.000000000000e+00 
  349       2.689932816118e-13       1.716343380734e-15       9.736326451234e-15       9.041686961675e-16       0.000000000000e+00       0.000000000000e+00       0.000000000000e+00 
  350       2.711777412095e-13       1.685611014579e-15       9.597323378365e-15       8.992518966734e-16       0.000000000000e+00       0.000000000000e+00       0.000000000000e+00 
  351       2.733038631245e-13       1.655452592603e-15       9.446451539813e-15       8.946242419796e-16       0.000000000000e+00       0.000000000000e+00       0.000000000000e+00 
  352       2.753668870331e-13       1.625891235459e-15       9.284209193490e-15       8.902794317849e-16       0.000000000000e+00       0.000000000000e+00       0.000000000000e+00 
  353       2.773619641311e-13       1.596950340164e-15       9.111108993613e-15       8.862109202452e-16       0.000000000000e+00       0.000000000000e+00       0.000000000000e+00 
  354       2.792841565554e-13       1.568653581364e-15       8.927678099403e-15       8.824119139665e-16       0.000000000000e+00       0.000000000000e+00       0.000000000000e+00 
  355       2.811284368061e-13       1.541024912590e-15       8.734458283784e-15       8.788753699975e-16       0.000000000000e+00       0.000000000000e+00       0.000000000000e+00 
  356       2.828896871673e-13       1.514088567526e-15       8.532006042081e-15       8.755939938230e-16       0.000000000000e+00       0.000000000000e+00       0.000000000000e+00 
  357       2.845626991293e-13       1.487869061272e-15       8.320892700722e-15       8.725602373566e-16       0.000000000000e+00       0.000000000000e+00       0.000000000000e+00 
  358       2.861421728098e-13       1.462391191604e-15       8.101704525936e-15       8.697662969334e-16       0.000000000000e+00       0.000000000000e+00       0.000000000000e+00 
  359       2.876227163756e-13       1.437680040239e-15       7.875042832451e-15       8.672041113036e-16       0.000000000000e+00       0.000000000000e+00       0.000000000000e+00 
  360       2.889988454643e-13       1.413760974097e-15       7.641524092192e-15       8.648653596246e-16       0.000000000000e+00       0.000000000000e+00       0.000000000000e+00 
  361       2.902649826059e-13       1.390659646566e-15       7.401780042986e-15       8.627414594546e-16       0.000000000000e+00       0.000000000000e+00       0.000000000000e+00 
  362       2.914154566439e-13       1.368401998760e-15       7.156457797254e-15       8.608235647452e-16       0.000000000000e+00       0.000000000000e+00       0.000000000000e+00 
  363       2.924445021577e-13       1.347014260788e-15       6.906219950714e-15       8.591025638346e-16       0.000000000000e+00       0.000000000000e+00       0.000000000000e+00 
  364       2.933462588834e-13       1.326522953010e-15       6.651744691079e-15       8.575690774401e-16       0.000000000000e+00       0.000000000000e+00       0.000000000000e+00 
  365       2.941147711357e-13       1.306954887307e-15       6.393725906757e-15       8.562134566515e-16       0.000000000000e+00       0.000000000000e+00       0.000000000000e+00 
  366       2.947439872297e-13       1.288337168340e-15       6.132873295550e-15       8.550257809238e-16       0.000000000000e+00       0.000000000000e+00       0.000000000000e+00 
  367       2.952277589021e-13       1.270697194812e-15       5.869912473351e-15       8.539958560701e-16       0.000000000000e+00       0.000000000000e+00       0.000000000000e+00 
  368       2.955598407330e-13       1.254062660734e-15       5.605585082847e-15       8.531132122547e-16       0.000000000000e+00       0.000000000000e+00       0.000000000000e+00 
  369       2.957338895674e-13       1.238461556683e-15       5.340648902214e-15       8.523671019858e-16       0.000000000000e+00       0.000000000000e+00       0.000000000000e+00 
  370       2.957434639369e-13       1.223922171073e-15       5.075877953820e-15       8.517464981089e-16       0.000000000000e+00       0.000000000000e+00       0.000000000000e+00 
  371       2.955835772250e-13       1.210465956469e-15       4.811957736801e-15       8.512412650089e-16       0.000000000000e+00       0.000000000000e+00       0.000000000000e+00 
  372       2.952554253279e-13       1.198085818339e-15       4.549166184450e-15       8.508457268305e-16       0.000000000000e+00       0.000000000000e+00       0.000000000000e+00 
  373       2.947618427167e-13       1.186766979844e-15       4.287680445054e-15       8.505552348437e-16       0.000000000000e+00       0.000000000000e+00       0.000000000000e+00 
  374       2.941057661498e-13       1.176494035229e-15       4.027680649345e-15       8.503650058452e-16       0.000000000000e+00       0.000000000000e+00       0.000000000000e+00 
  375       2.932902354460e-13       1.167250944876e-15       3.769349928010e-15       8.502701211720e-16       0.000000000000e+00       0.000000000000e+00       0.000000000000e+00 
  376       2.923183942568e-13       1.159021030363e-15       3.512874429201e-15       8.502655257135e-16       0.000000000000e+00       0.000000000000e+00       0.000000000000e+00 
  377       2.911934908390e-13       1.151786969527e-15       3.258443336046e-15       8.503460269252e-16       0.000000000000e+00       0.000000000000e+00       0.000000000000e+00 
  378       2.899188788270e-13       1.145530791521e-15       3.006248884159e-15       8.505062938418e-16       0.000000000000e+00       0.000000000000e+00       0.000000000000e+00 
  379       2.884980180058e-13       1.140233871872e-15       2.756486379153e-15       8.507408560896e-16       0.000000000000e+00       0.000000000000e+00       0.000000000000e+00 
  380       2.869344750833e-13       1.135876927542e-15       2.509354214144e-15       8.510441029001e-16       0.000000000000e+00       0.000000000000e+00       0.000000000000e+00 
  381       2.852319244628e-13       1.132440011986e-15       2.265053887268e-15       8.514102821229e-16       0.000000000000e+00       0.000000000000e+00       0.000000000000e+00 
  382       2.833941490154e-13       1.129902510211e-15       2.023790019189e-15       8.518334992384e-16       0.000000000000e+00       0.000000000000e+00       0.000000000000e+00 
  383       2.814250408531e-13       1.128243133837e-15       1.785770370609e-15       8.523077163714e-16       0.000000000000e+00       0.000000000000e+00       0.000000000000e+00 
  384       2.793286021008e-13       1.127439916154e-15       1.551205859779e-15       8.528267513036e-16       0.000000000000e+00       0.000000000000e+00       0.000000000000e+00 
  385       2.771089456690e-13       1.127470207181e-15       1.320310580009e-15       8.533842764871e-16       0.000000000000e+00       0.000000000000e+00       0.000000000000e+00 
  386       2.747702960264e-13       1.128310668727e-15       1.093301817178e-15       8.539738180570e-16       0.000000000000e+00       0.000000000000e+00       0.000000000000e+00 
  387       2.723169899724e-13       1.129937269449e-15       8.704000672473e-16       8.545887548446e-16       0.000000000000e+00       0.000000000000e+00       0.000000000000e+00 
  388       2.697534774099e-13       1.132325279909e-15       6.518290537661e-16       8.552223173905e-16       0.000000000000e+00       0.000000000000e+00       0.000000000000e+00 
  389       2.670843221171e-13       1.135449267639e-15       4.378157453863e-16       8.558675869577e-16       0.000000000000e+00       0.000000000000e+00       0.000000000000e+00 
  390       2.643142025212e-13       1.139283092194e-15       2.285903733707e-16       8.565174945444e-16       0.000000000000e+00       0.000000000000e+00       0.000000000000e+00 
  391       2.614479124696e-13       1.143799900214e-15       2.438644910376e-17       8.571648198971e-16       0.000000000000e+00       0.000000000000e+00       0.000000000000e+00 
  392       2.584903620038e-13       1.148972120482e-15      -1.745592183975e-16       8.578021905238e-16       0.000000000000e+00       0.000000000000e+00       0.000000000000e+00 
  393       2.554465781309e-13       1.154771458985e-15      -3.680065049734e-16       8.584220807067e-16       0.000000000000e+00       0.000000000000e+00       0.000000000000e+00 
  394       2.523217055965e-13       1.161168893972e-15      -5.557119538114e-16       8.590168105156e-16       0.000000000000e+00       0.000000000000e+00       0.000000000000e+00 
  395       2.491210076575e-13       1.168134671011e-15      -7.374287579351e-16       8.595785448207e-16       0.000000000000e+00       0.000000000000e+00       0.000000000000e+00 
  396       2.458498668542e-13       1.175638298051e-15      -9.129067426942e-16       8.600992923057e-16       0.000000000000e+00       0.000000000000e+00       0.000000000000e+00 
  397       2.425137857833e-13       1.183648540482e-15      -1.081892348254e-15       8.605709044809e-16       0.000000000000e+00       0.000000000000e+00       0.000000000000e+00 
  398       2.391183878700e-13       1.192133416191e-15      -1.244128612085e-15       8.609850746960e-16       0.000000000000e+00       0.000000000000e+00       0.000000000000e+00 
  399       2.356694181409e-13       1.201060190621e-15      -1.399355151453e-15       8.613333371534e-16       0.000000000000e+00       0.000000000000e+00       0.000000000000e+00 
  400       2.321727439963e-13       1.210395371834e-15      -1.547308145907e-15       8.616070659211e-16       0.000000000000e+00       0.000000000000e+00       0.000000000000e+00 
  401       2.286343559828e-13       1.220104705565e-15      -1.687720319770e-15       8.617974739455e-16       0.000000000000e+00       0.000000000000e+00       0.000000000000e+00 
  402       2.250603685660e-13       1.230153170288e-15      -1.820320924629e-15       8.618956120651e-16       0.000000000000e+00       0.000000000000e+00       0.000000000000e+00 
  403       2.214570209029e-13       1.240504972267e-15      -1.944835721823e-15       8.618923680229e-16       0.000000000000e+00       0.000000000000e+00       0.000000000000e+00 
  404       2.178306776145e-13       1.251123540620e-15      -2.060986964937e-15       8.617784654794e-16       0.000000000000e+00       0.000000000000e+00       0.000000000000e+00 
  405       2.141878295582e-13       1.261971522379e-15      -2.168493382282e-15       8.615444630263e-16       0.000000000000e+00       0.000000000000e+00       0.000000000000e+00 
  406       2.105350946006e-13       1.273010777544e-15      -2.267070159397e-15       8.611807531988e-16       0.000000000000e+00       0.000000000000e+00       0.000000000000e+00 
  407       2.068792183898e-13       1.284202374149e-15      -2.356428921529e-15       8.606775614889e-16       0.000000000000e+00       0.000000000000e+00       0.000000000000e+00 
  408       2.032270751282e-13       1.295506583315e-15      -2.436277716125e-15       8.600249453587e-16       0.000000000000e+00       0.000000000000e+00       0.000000000000e+00 
  409       1.995856683447e-13       1.306882874312e-15      -2.506320995325e-15       8.592127932529e-16       0.000000000000e+00       0.000000000000e+00       0.000000000000e+00 
  410       1.959621316676e-13       1.318289909618e-15      -2.566259598447e-15       8.582308236124e-16       0.000000000000e+00       0.000000000000e+00       0.000000000000e+00 
  411       1.923627407267e-13       1.329690606423e-15      -2.615869985526e-15       8.570706972594e-16       0.000000000000e+00       0.000000000000e+00       0.000000000000e+00 
  412       1.887899088194e-13       1.341067528247e-15      -2.655245058142e-15       8.557324388013e-16       0.000000000000e+00       0.000000000000e+00       0.000000000000e+00 
  413       1.852450866101e-13       1.352408027448e-15      -2.684561813140e-15       8.542182401762e-16       0.000000000000e+00       0.000000000000e+00       0.000000000000e+00 
  414       1.817297414829e-13       1.363699226559e-15      -2.704002898726e-15       8.525303682843e-16       0.000000000000e+00       0.000000000000e+00       0.000000000000e+00 
  415       1.782453576135e-13       1.374928016931e-15      -2.713756653123e-15       8.506711654985e-16       0.000000000000e+00       0.000000000000e+00       0.000000000000e+00 
  416       1.747934360411e-13       1.386081057387e-15      -2.714017143219e-15       8.486430501750e-16       0.000000000000e+00       0.000000000000e+00       0.000000000000e+00 
  417       1.713754947400e-13       1.397144772874e-15      -2.704984203224e-15       8.464485171644e-16       0.000000000000e+00       0.000000000000e+00       0.000000000000e+00 
  418       1.679930686912e-13       1.408105353105e-15      -2.686863473315e-15       8.440901383220e-16       0.000000000000e+00       0.000000000000e+00       0.000000000000e+00 
  419       1.646477099547e-13       1.418948751216e-15      -2.659866438297e-15       8.415705630186e-16       0.000000000000e+00       0.000000000000e+00       0.000000000000e+00 
  420       1.613409877406e-13       1.429660682411e-15      -2.624210466248e-15       8.388925186515e-16       0.000000000000e+00       0.000000000000e+00       0.000000000000e+00 
  421       1.580744884815e-13       1.440226622614e-15      -2.580118847173e-15       8.360588111548e-16       0.000000000000e+00       0.000000000000e+00       0.000000000000e+00 
  422       1.548498159037e-13       1.450631807116e-15      -2.527820831660e-15       8.330723255104e-16       0.000000000000e+00       0.000000000000e+00       0.000000000000e+00 
  423       1.516685910995e-13       1.460861229228e-15      -2.467551669526e-15       8.299360262584e-16       0.000000000000e+00       0.000000000000e+00       0.000000000000e+00 
  424       1.485324525983e-13       1.470899638926e-15      -2.399552648475e-15       8.266529580082e-16       0.000000000000e+00       0.000000000000e+00       0.000000000000e+00 
  425       1.454430564392e-13       1.480731541506e-15      -2.324071132745e-15       8.232262459489e-16       0.000000000000e+00       0.000000000000e+00       0.000000000000e+00 
  426       1.424020762420e-13       1.490341196229e-15      -2.241360601764e-15       8.196590963603e-16       0.000000000000e+00       0.000000000000e+00       0.000000000000e+00 
  427       1.394112032794e-13       1.499712614973e-15      -2.151680688800e-15       8.159547971232e-16       0.000000000000e+00       0.000000000000e+00       0.000000000000e+00 
  428       1.364721465486e-13       1.508829560881e-15      -2.055297219617e-15       8.121167182305e-16       0.000000000000e+00       0.000000000000e+00       0.000000000000e+00 
  429       1.335866328432e-13       1.517675547011e-15      -1.952482251119e-15       8.081483122976e-16       0.000000000000e+00       0.000000000000e+00       0.000000000000e+00 
  430       1.307564068249e-13       1.526233834988e-15      -1.843514110012e-15       8.040531150733e-16       0.000000000000e+00       0.000000000000e+00       0.000000000000e+00 
  431       1.279832310950e-13       1.534487433649e-15      -1.728677431448e-15       7.998347459505e-16       0.000000000000e+00       0.000000000000e+00       0.000000000000e+00 
  432       1.252688862667e-13       1.542419097695e-15      -1.608263197684e-15       7.954969084769e-16       0.000000000000e+00       0.000000000000e+00       0.000000000000e+00 
  433       1.226151710364e-13       1.550011326343e-15      -1.482568776728e-15       7.910433908655e-16       0.000000000000e+00       0.000000000000e+00       0.000000000000e+00 
  434       1.200239022557e-13       1.557246361970e-15      -1.351897960995e-15       7.864780665057e-16       0.000000000000e+00       0.000000000000e+00       0.000000000000e+00 
  435       1.174969150031e-13       1.564106188767e-15      -1.216561005960e-15       7.818048944737e-16       0.000000000000e+00       0.000000000000e+00       0.000000000000e+00 
  436       1.150360626557e-13       1.570572531387e-15      -1.076874668804e-15       7.770279200432e-16       0.000000000000e+00       0.000000000000e+00       0.000000000000e+00 
  437       1.126432169612e-13       1.576626853594e-15      -9.331622470758e-16       7.721512751963e-16       0.000000000000e+00       0.000000000000e+00       0.000000000000e+00 
  438       1.103202681094e-13       1.582250356913e-15      -7.857536173347e-16       7.671791791340e-16       0.000000000000e+00       0.000000000000e+00       0.000000000000e+00 
  439       1.080691248039e-13       1.587423979282e-15      -6.349852738090e-16       7.621159387873e-16       0.000000000000e+00       0.000000000000e+00       0.000000000000e+00 
  440       1.058917143343e-13       1.592128393697e-15      -4.812003670455e-16       7.569659493273e-16       0.000000000000e+00       0.000000000000e+00       0.000000000000e+00 
  441       1.037899826475e-13       1.596344006863e-15      -3.247487425623e-16       7.517336946764e-16       0.000000000000e+00       0.000000000000e+00       0.000000000000e+00 
  442       1.017658944198e-13       1.600050957846e-15      -1.659869795008e-16       7.464237480188e-16       0.000000000000e+00       0.000000000000e+00       0.000000000000e+00 
  443       9.982143312842e-14       1.603229116720e-15      -5.278429277892e-18       7.410407723113e-16       0.000000000000e+00       0.000000000000e+00       0.000000000000e+00 
  444       9.795860112334e-14       1.605858083219e-15       1.570067457616e-16       7.355895207939e-16       0.000000000000e+00       0.000000000000e+00       0.000000000000e+00 
  445       9.617941969917e-14       1.607917185383e-15       3.204915336931e-16       7.300748375005e-16       0.000000000000e+00       0.000000000000e+00       0.000000000000e+00 
  446       9.448592916680e-14       1.609385478209e-15       4.847920343600e-16       7.245016577698e-16       0.000000000000e+00       0.000000000000e+00       0.000000000000e+00 
  447       9.288018892522e-14       1.610241742304e-15       6.495174207213e-16       7.188750087559e-16       0.000000000000e+00       0.000000000000e+00       0.000000000000e+00 
  448       9.136427753324e-14       1.610464482528e-15       8.142699001997e-16       7.132000099388e-16       0.000000000000e+00       0.000000000000e+00       0.000000000000e+00 
  449       8.994029278129e-14       1.610031926649e-15       9.786446760293e-16       7.074818736355e-16       0.000000000000e+00       0.000000000000e+00       0.000000000000e+00 
  450       8.861035176317e-14       1.608922023991e-15       1.142229908603e-15       7.017259055103e-16       0.000000000000e+00       0.000000000000e+00       0.000000000000e+00 
  451       8.737595478194e-14       1.607118090059e-15       1.304660873555e-15       6.959370752585e-16       0.000000000000e+00       0.000000000000e+00       0.000000000000e+00 
  452       8.623605435486e-14       1.604625943424e-15       1.465784436021e-15       6.901187123855e-16       0.000000000000e+00       0.000000000000e+00       0.000000000000e+00 
  453       8.518892411849e-14       1.601457318461e-15       1.625499800919e-15       6.842737694007e-16       0.000000000000e+00       0.000000000000e+00       0.000000000000e+00 
  454       8.423278906832e-14       1.597624271255e-15       1.783704788546e-15       6.784052481030e-16       0.000000000000e+00       0.000000000000e+00       0.000000000000e+00 
  455       8.336582525600e-14       1.593139181572e-15       1.940295827833e-15       6.725161998384e-16       0.000000000000e+00       0.000000000000e+00       0.000000000000e+00 
  456       8.258615948667e-14       1.588014754833e-15       2.095167949598e-15       6.666097257578e-16       0.000000000000e+00       0.000000000000e+00       0.000000000000e+00 
  457       8.189186901624e-14       1.582264024090e-15       2.248214779793e-15       6.606889770748e-16       0.000000000000e+00       0.000000000000e+00       0.000000000000e+00 
  458       8.128098124862e-14       1.575900351992e-15       2.399328532759e-15       6.547571553232e-16       0.000000000000e+00       0.000000000000e+00       0.000000000000e+00 
  459       8.075147343304e-14       1.568937432766e-15       2.548400004476e-15       6.488175126144e-16       0.000000000000e+00       0.000000000000e+00       0.000000000000e+00 
  460       8.030127236130e-14       1.561389294186e-15       2.695318565814e-15       6.428733518958e-16       0.000000000000e+00       0.000000000000e+00       0.000000000000e+00 
  461       7.992825406508e-14       1.553270299546e-15       2.839972155787e-15       6.369280272079e-16       0.000000000000e+00       0.000000000000e+00       0.000000000000e+00 
  462       7.963024351319e-14       1.544595149635e-15       2.982247274800e-15       6.309849439423e-16       0.000000000000e+00       0.000000000000e+00       0.000000000000e+00 
  463       7.940501430885e-14       1.535378884708e-15       3.122028977904e-15       6.250475590991e-16       0.000000000000e+00       0.000000000000e+00       0.000000000000e+00 
  464       7.925028838699e-14       1.525636886461e-15       3.259200868047e-15       6.191193815447e-16       0.000000000000e+00       0.000000000000e+00       0.000000000000e+00 
  465       7.916373571151e-14       1.515384880002e-15       3.393645089323e-15       6.132039722698e-16       0.000000000000e+00       0.000000000000e+00       0.000000000000e+00 
  466       7.914297397255e-14       1.504638935827e-15       3.525242320225e-15       6.073049446466e-16       0.000000000000e+00       0.000000000000e+00       0.000000000000e+00 
  467       7.918556828380e-14       1.493415471791e-15       3.653871766898e-15       6.014259646868e-16       0.000000000000e+00       0.000000000000e+00       0.000000000000e+00 
  468       7.928903087972e-14       1.481731255080e-15       3.779411156389e-15       5.955707512990e-16       0.000000000000e+00       0.000000000000e+00       0.000000000000e+00 
  469       7.945082081290e-14       1.469603404188e-15       3.901736729897e-15       5.897430765468e-16       0.000000000000e+00       0.000000000000e+00       0.000000000000e+00 
  470       7.966834365127e-14       1.457049390887e-15       4.020723236025e-15       5.839467659060e-16       0.000000000000e+00       0.000000000000e+00       0.000000000000e+00 
  471       7.993895117538e-14       1.444087042201e-15       4.136243924033e-15       5.781856985229e-16       0.000000000000e+00       0.000000000000e+00       0.000000000000e+00 
  472       8.025994107575e-14       1.430734542377e-15       4.248170537091e-15       5.724638074712e-16       0.000000000000e+00       0.000000000000e+00       0.000000000000e+00 
  473       8.062855665004e-14       1.417010434864e-15       4.356373305523e-15       5.667850800104e-16       0.000000000000e+00       0.000000000000e+00       0.000000000000e+00 
  474       8.104198650041e-14       1.402933624280e-15       4.460720940067e-15       5.611535578429e-16       0.000000000000e+00       0.000000000000e+00       0.000000000000e+00 
  475       8.149736423080e-14       1.388523378386e-15       4.561080625121e-15       5.555733373724e-16       0.000000000000e+00       0.000000000000e+00       0.000000000000e+00 
  476       8.199176814412e-14       1.373799330064e-15       4.657318011997e-15       5.500485699608e-16       0.000000000000e+00       0.000000000000e+00       0.000000000000e+00 
  477       8.252222093963e-14       1.358781479284e-15       4.749297212171e-15       5.445834621863e-16       0.000000000000e+00       0.000000000000e+00       0.000000000000e+00 
  478       8.308568941017e-14       1.343490195080e-15       4.836880790534e-15       5.391822761011e-16       0.000000000000e+00       0.000000000000e+00       0.000000000000e+00 
  479       8.367908413944e-14       1.327946217524e-15       4.919929758647e-15       5.338493294890e-16       0.000000000000e+00       0.000000000000e+00       0.000000000000e+00 
  480       8.429925919927e-14       1.312170659696e-15       4.998303567987e-15       5.285889961230e-16       0.000000000000e+00       0.000000000000e+00       0.000000000000e+00 
  481       8.494301184692e-14       1.296185009663e-15       5.071860103203e-15       5.234057060232e-16       0.000000000000e+00       0.000000000000e+00       0.000000000000e+00 
  482       8.560708222236e-14       1.280011132443e-15       5.140455675364e-15       5.183039457143e-16       0.000000000000e+00       0.000000000000e+00       0.000000000000e+00 
  483       8.628815304550e-14       1.263671271986e-15       5.203945015212e-15       5.132882584834e-16       0.000000000000e+00       0.000000000000e+00       0.000000000000e+00 
  484       8.698284931354e-14       1.247188053145e-15       5.262181266416e-15       5.083632446375e-16       0.000000000000e+00       0.000000000000e+00       0.000000000000e+00 
  485       8.768773799818e-14       1.230584483648e-15       5.315015978816e-15       5.035335617615e-16       0.000000000000e+00       0.000000000000e+00       0.000000000000e+00 
  486       8.839932774296e-14       1.213883956071e-15       5.362299101685e-15       4.988039249755e-16       0.000000000000e+00       0.000000000000e+00       0.000000000000e+00 
  487       8.911406856048e-14       1.197110249811e-15       5.403878976969e-15       4.941791071928e-16       0.000000000000e+00       0.000000000000e+00       0.000000000000e+00 
  488       8.982835152972e-14       1.180287533063e-15       5.439602332547e-15       4.896639393775e-16       0.000000000000e+00       0.000000000000e+00       0.000000000000e+00 
  489       9.053850849328e-14       1.163440364785e-15       5.469314275480e-15       4.852633108021e-16       0.000000000000e+00       0.000000000000e+00       0.000000000000e+00 
  490       9.124081175472e-14       1.146593696682e-15       5.492858285259e-15       4.809821693052e-16       0.000000000000e+00       0.000000000000e+00       0.000000000000e+00 
  491       9.193199861522e-14       1.129770255789e-15       5.510123274672e-15       4.768244559604e-16       0.000000000000e+00       0.000000000000e+00       0.000000000000e+00 
  492       9.261086269202e-14       1.112982602956e-15       5.521186319650e-15       4.727898738429e-16       0.000000000000e+00       0.000000000000e+00       0.000000000000e+00 
  493       9.327670914436e-14       1.096240842998e-15       5.526174144315e-15       4.688770240494e-16       0.000000000000e+00       0.000000000000e+00       0.000000000000e+00 
  494       9.392883405462e-14       1.079555223472e-15       5.525216452276e-15       4.650844623610e-16       0.000000000000e+00       0.000000000000e+00       0.000000000000e+00 
  495       9.456652438637e-14       1.062936135350e-15       5.518445943255e-15       4.614106989711e-16       0.000000000000e+00       0.000000000000e+00       0.000000000000e+00 
  496       9.518905794229e-14       1.046394113688e-15       5.505998329729e-15       4.578541982140e-16       0.000000000000e+00       0.000000000000e+00       0.000000000000e+00 
  497       9.579570332221e-14       1.029939838303e-15       5.488012353554e-15       4.544133782933e-16       0.000000000000e+00       0.000000000000e+00       0.000000000000e+00 
  498       9.638571988108e-14       1.013584134439e-15       5.464629802599e-15       4.510866110103e-16       0.000000000000e+00       0.000000000000e+00       0.000000000000e+00 
  499       9.695835768696e-14       9.973379734435e-16       5.435995527380e-15       4.478722214921e-16       0.000000000000e+00       0.000000000000e+00       0.000000000000e+00 
  500       9.751285747900e-14       9.812124734383e-16       5.402257457692e-15       4.447684879204e-16       0.000000000000e+00       0.000000000000e+00       0.000000000000e+00 
