# dimensionless [l(l+1)/2pi] C_l's for tensor mode
# for l=2 to 500, i.e. number of multipoles equal to 499
#
# -> if you prefer output in CAMB/HealPix/LensPix units/order, set 'format' to 'camb' in input file
# -> if you don't want to see such a header, set 'headers' to 'no' in input file
# -> for CMB lensing (phi), these are C_l^phi-phi for the lensing potential.
#    Remember the conversion factors:
#    C_l^dd (deflection) = l(l+1) C_l^phi-phi
#    C_l^gg (shear/convergence) = 1/4 (l(l+1))^2 C_l^phi-phi
#
# 1:l     2:TT                     3:EE                     4:TE                     5:BB                     6:phiphi                 7:TPhi                   8:Ephi               
    2       1.411885469123e-10       2.167745192272e-15       1.959617029452e-13       4.063791710963e-15       0.000000000000e+00       0.000000000000e+00       0.000000000000e+00 
    3       1.082687353580e-10       2.022311412820e-15       3.413217755566e-14       3.819103976056e-15       0.000000000000e+00       0.000000000000e+00       0.000000000000e+00 
    4       9.742632939816e-11       1.654424596481e-15      -1.353945152492e-14       3.086892096115e-15       0.000000000000e+00       0.000000000000e+00       0.000000000000e+00 
    5       9.298794272684e-11       1.179695232894e-15      -2.632129841530e-14       2.241141738460e-15       0.000000000000e+00       0.000000000000e+00       0.000000000000e+00 
    6       9.042538168521e-11       7.767135180760e-16      -2.843413593081e-14       1.514226841577e-15       0.000000000000e+00       0.000000000000e+00       0.000000000000e+00 
    7       8.883255330416e-11       5.278825024499e-16      -2.802991179134e-14       9.999292396204e-16       0.000000000000e+00       0.000000000000e+00       0.000000000000e+00 
    8       8.776002182417e-11       4.311167796389e-16      -2.813470946441e-14       6.994774451553e-16       0.000000000000e+00       0.000000000000e+00       0.000000000000e+00 
    9       8.697480235949e-11       4.435093616250e-16      -2.955576465429e-14       5.700248952462e-16       0.000000000000e+00       0.000000000000e+00       0.000000000000e+00 
   10       8.634819876016e-11       5.183100571695e-16      -3.226196989001e-14       5.578673783623e-16       0.000000000000e+00       0.000000000000e+00       0.000000000000e+00 
   11       8.580523504732e-11       6.223212424529e-16      -3.599173716230e-14       6.168710228393e-16       0.000000000000e+00       0.000000000000e+00       0.000000000000e+00 
   12       8.530119286569e-11       7.387401698037e-16      -4.049434278401e-14       7.144252550759e-16       0.000000000000e+00       0.000000000000e+00       0.000000000000e+00 
   13       8.480945481998e-11       8.616408460038e-16      -4.560371989296e-14       8.313952808490e-16       0.000000000000e+00       0.000000000000e+00       0.000000000000e+00 
   14       8.431464546291e-11       9.904063272980e-16      -5.122608101001e-14       9.581658434653e-16       0.000000000000e+00       0.000000000000e+00       0.000000000000e+00 
   15       8.380827305969e-11       1.125420808380e-15      -5.731697166790e-14       1.091138484494e-15       0.000000000000e+00       0.000000000000e+00       0.000000000000e+00 
   16       8.328586798585e-11       1.267172000225e-15      -6.385856975494e-14       1.229049577974e-15       0.000000000000e+00       0.000000000000e+00       0.000000000000e+00 
   17       8.274537160278e-11       1.415467781384e-15      -7.084093208117e-14       1.371732864771e-15       0.000000000000e+00       0.000000000000e+00       0.000000000000e+00 
   18       8.218017936372e-11       1.569722389360e-15      -7.825616008191e-14       1.519347405538e-15       0.000000000000e+00       0.000000000000e+00       0.000000000000e+00 
   19       8.160839691653e-11       1.729644033540e-15      -8.608994851261e-14       1.671768981509e-15       0.000000000000e+00       0.000000000000e+00       0.000000000000e+00 
   20       8.101115785352e-11       1.895110764579e-15      -9.431663677748e-14       1.828845333355e-15       0.000000000000e+00       0.000000000000e+00       0.000000000000e+00 
   21       8.039918334076e-11       2.066023550112e-15      -1.029129753831e-13       1.990385276261e-15       0.000000000000e+00       0.000000000000e+00       0.000000000000e+00 
   22       7.976699543835e-11       2.242367527981e-15      -1.118506219519e-13       2.156198815124e-15       0.000000000000e+00       0.000000000000e+00       0.000000000000e+00 
   23       7.912272943748e-11       2.424282466594e-15      -1.211006544226e-13       2.325983336327e-15       0.000000000000e+00       0.000000000000e+00       0.000000000000e+00 
   24       7.846055650680e-11       2.611942710415e-15      -1.306306762120e-13       2.499428282845e-15       0.000000000000e+00       0.000000000000e+00       0.000000000000e+00 
   25       7.778382244132e-11       2.805142805296e-15      -1.404133287623e-13       2.676342582816e-15       0.000000000000e+00       0.000000000000e+00       0.000000000000e+00 
   26       7.708727954163e-11       3.003534530979e-15      -1.504211131659e-13       2.856574061758e-15       0.000000000000e+00       0.000000000000e+00       0.000000000000e+00 
   27       7.638136970800e-11       3.206796905774e-15      -1.606286850654e-13       3.039856072511e-15       0.000000000000e+00       0.000000000000e+00       0.000000000000e+00 
   28       7.566721916222e-11       3.414586374664e-15      -1.710096761626e-13       3.225884210388e-15       0.000000000000e+00       0.000000000000e+00       0.000000000000e+00 
   29       7.493363562792e-11       3.626548097145e-15      -1.815366243880e-13       3.414353156062e-15       0.000000000000e+00       0.000000000000e+00       0.000000000000e+00 
   30       7.418719552843e-11       3.842435516877e-15      -1.921856685888e-13       3.604972617280e-15       0.000000000000e+00       0.000000000000e+00       0.000000000000e+00 
   31       7.343089910130e-11       4.062037254049e-15      -2.029337048671e-13       3.797457673745e-15       0.000000000000e+00       0.000000000000e+00       0.000000000000e+00 
   32       7.265975461525e-11       4.285146463833e-15      -2.137573708739e-13       3.991518957387e-15       0.000000000000e+00       0.000000000000e+00       0.000000000000e+00 
   33       7.187788135457e-11       4.511558423189e-15      -2.246335507713e-13       4.186842067312e-15       0.000000000000e+00       0.000000000000e+00       0.000000000000e+00 
   34       7.108567353733e-11       4.741072756102e-15      -2.355391336076e-13       4.383099963709e-15       0.000000000000e+00       0.000000000000e+00       0.000000000000e+00 
   35       7.027855232202e-11       4.973484015567e-15      -2.464510989451e-13       4.579979249521e-15       0.000000000000e+00       0.000000000000e+00       0.000000000000e+00 
   36       6.946167428329e-11       5.208545595692e-15      -2.573470944579e-13       4.777254364407e-15       0.000000000000e+00       0.000000000000e+00       0.000000000000e+00 
   37       6.863898970160e-11       5.445992906826e-15      -2.682051589664e-13       4.974740398758e-15       0.000000000000e+00       0.000000000000e+00       0.000000000000e+00 
   38       6.780852303531e-11       5.685552174742e-15      -2.790036527706e-13       5.172275351874e-15       0.000000000000e+00       0.000000000000e+00       0.000000000000e+00 
   39       6.696523061972e-11       5.926952794256e-15      -2.897213295253e-13       5.369687279185e-15       0.000000000000e+00       0.000000000000e+00       0.000000000000e+00 
   40       6.611231565849e-11       6.169970905477e-15      -3.003374225792e-13       5.566678616048e-15       0.000000000000e+00       0.000000000000e+00       0.000000000000e+00 
   41       6.525269107059e-11       6.414399679900e-15      -3.108316973634e-13       5.762904916312e-15       0.000000000000e+00       0.000000000000e+00       0.000000000000e+00 
   42       6.438543573859e-11       6.660038041153e-15      -3.211845123183e-13       5.958004689807e-15       0.000000000000e+00       0.000000000000e+00       0.000000000000e+00 
   43       6.350783413180e-11       6.906675680829e-15      -3.313766138583e-13       6.151628098325e-15       0.000000000000e+00       0.000000000000e+00       0.000000000000e+00 
   44       6.262315849909e-11       7.154041591138e-15      -3.413882876167e-13       6.343536409095e-15       0.000000000000e+00       0.000000000000e+00       0.000000000000e+00 
   45       6.173467042983e-11       7.401840147460e-15      -3.512000544448e-13       6.533531649163e-15       0.000000000000e+00       0.000000000000e+00       0.000000000000e+00 
   46       6.084318976883e-11       7.649764527105e-15      -3.607929665251e-13       6.721430215194e-15       0.000000000000e+00       0.000000000000e+00       0.000000000000e+00 
   47       5.994686689688e-11       7.897496129834e-15      -3.701486564955e-13       6.907063632209e-15       0.000000000000e+00       0.000000000000e+00       0.000000000000e+00 
   48       5.904283560497e-11       8.144727591341e-15      -3.792507078200e-13       7.090263455054e-15       0.000000000000e+00       0.000000000000e+00       0.000000000000e+00 
   49       5.813325402062e-11       8.391240846963e-15      -3.880891080674e-13       7.270809169558e-15       0.000000000000e+00       0.000000000000e+00       0.000000000000e+00 
   50       5.722057529712e-11       8.636850077568e-15      -3.966571353587e-13       7.448466908946e-15       0.000000000000e+00       0.000000000000e+00       0.000000000000e+00 
   51       5.630568716771e-11       8.881380646741e-15      -4.049502603892e-13       7.623003979818e-15       0.000000000000e+00       0.000000000000e+00       0.000000000000e+00 
   52       5.538778017482e-11       9.124669725028e-15      -4.129662629629e-13       7.794188811844e-15       0.000000000000e+00       0.000000000000e+00       0.000000000000e+00 
   53       5.446546386432e-11       9.366559436051e-15      -4.207031094087e-13       7.961803911904e-15       0.000000000000e+00       0.000000000000e+00       0.000000000000e+00 
   54       5.354075565440e-11       9.606872788792e-15      -4.281516757977e-13       8.125688753008e-15       0.000000000000e+00       0.000000000000e+00       0.000000000000e+00 
   55       5.261588801817e-11       9.845432644439e-15      -4.353013566567e-13       8.285707826283e-15       0.000000000000e+00       0.000000000000e+00       0.000000000000e+00 
   56       5.169207264308e-11       1.008206895651e-14      -4.421421624428e-13       8.441739085674e-15       0.000000000000e+00       0.000000000000e+00       0.000000000000e+00 
   57       5.076942098567e-11       1.031661908155e-14      -4.486647421956e-13       8.593674442907e-15       0.000000000000e+00       0.000000000000e+00       0.000000000000e+00 
   58       4.984686482638e-11       1.054892808983e-14      -4.548604061879e-13       8.741420262434e-15       0.000000000000e+00       0.000000000000e+00       0.000000000000e+00 
   59       4.892304033324e-11       1.077884046226e-14      -4.607213700619e-13       8.884887704796e-15       0.000000000000e+00       0.000000000000e+00       0.000000000000e+00 
   60       4.799936043390e-11       1.100617222389e-14      -4.662415019962e-13       9.023960013800e-15       0.000000000000e+00       0.000000000000e+00       0.000000000000e+00 
   61       4.707751679975e-11       1.123073287657e-14      -4.714157893946e-13       9.158518493710e-15       0.000000000000e+00       0.000000000000e+00       0.000000000000e+00 
   62       4.615853324269e-11       1.145233346207e-14      -4.762401622025e-13       9.288452140634e-15       0.000000000000e+00       0.000000000000e+00       0.000000000000e+00 
   63       4.524271893122e-11       1.167078658080e-14      -4.807115230656e-13       9.413657793359e-15       0.000000000000e+00       0.000000000000e+00       0.000000000000e+00 
   64       4.432962160653e-11       1.188590641046e-14      -4.848277774900e-13       9.534040284183e-15       0.000000000000e+00       0.000000000000e+00       0.000000000000e+00 
   65       4.341861860385e-11       1.209751005461e-14      -4.885874666654e-13       9.649510303783e-15       0.000000000000e+00       0.000000000000e+00       0.000000000000e+00 
   66       4.251094048234e-11       1.230542187798e-14      -4.919885078103e-13       9.759977131468e-15       0.000000000000e+00       0.000000000000e+00       0.000000000000e+00 
   67       4.160799360074e-11       1.250947012544e-14      -4.950292401786e-13       9.865354630395e-15       0.000000000000e+00       0.000000000000e+00       0.000000000000e+00 
   68       4.071073172651e-11       1.270948572809e-14      -4.977088175445e-13       9.965563482943e-15       0.000000000000e+00       0.000000000000e+00       0.000000000000e+00 
   69       3.981962709258e-11       1.290530235913e-14      -5.000272272482e-13       1.006053127760e-14       0.000000000000e+00       0.000000000000e+00       0.000000000000e+00 
   70       3.893464145421e-11       1.309675648980e-14      -5.019853092408e-13       1.015019259586e-14       0.000000000000e+00       0.000000000000e+00       0.000000000000e+00 
   71       3.805519714575e-11       1.328368744526e-14      -5.035847751294e-13       1.023448909910e-14       0.000000000000e+00       0.000000000000e+00       0.000000000000e+00 
   72       3.718066754423e-11       1.346594180471e-14      -5.048279068339e-13       1.031337169911e-14       0.000000000000e+00       0.000000000000e+00       0.000000000000e+00 
   73       3.631202177016e-11       1.364338745527e-14      -5.057165432689e-13       1.038680735892e-14       0.000000000000e+00       0.000000000000e+00       0.000000000000e+00 
   74       3.545044485195e-11       1.381590234934e-14      -5.062529326672e-13       1.045477376047e-14       0.000000000000e+00       0.000000000000e+00       0.000000000000e+00 
   75       3.459682949756e-11       1.398337055184e-14      -5.064400472654e-13       1.051725746887e-14       0.000000000000e+00       0.000000000000e+00       0.000000000000e+00 
   76       3.375175900986e-11       1.414568239531e-14      -5.062815950341e-13       1.057425406680e-14       0.000000000000e+00       0.000000000000e+00       0.000000000000e+00 
   77       3.291549020209e-11       1.430273463499e-14      -5.057820314083e-13       1.062576828899e-14       0.000000000000e+00       0.000000000000e+00       0.000000000000e+00 
   78       3.208793631322e-11       1.445443060388e-14      -5.049465710177e-13       1.067181415669e-14       0.000000000000e+00       0.000000000000e+00       0.000000000000e+00 
   79       3.126864992339e-11       1.460068036790e-14      -5.037811994171e-13       1.071241511214e-14       0.000000000000e+00       0.000000000000e+00       0.000000000000e+00 
   80       3.045718142863e-11       1.474139754507e-14      -5.022922447470e-13       1.074759927100e-14       0.000000000000e+00       0.000000000000e+00       0.000000000000e+00 
   81       2.965426374615e-11       1.487648878618e-14      -5.004849812409e-13       1.077738393450e-14       0.000000000000e+00       0.000000000000e+00       0.000000000000e+00 
   82       2.886080312715e-11       1.500586274182e-14      -4.983648034728e-13       1.080178862045e-14       0.000000000000e+00       0.000000000000e+00       0.000000000000e+00 
   83       2.807751189796e-11       1.512943332786e-14      -4.959376484124e-13       1.082083974970e-14       0.000000000000e+00       0.000000000000e+00       0.000000000000e+00 
   84       2.730489833018e-11       1.524711981871e-14      -4.932099990057e-13       1.083457069023e-14       0.000000000000e+00       0.000000000000e+00       0.000000000000e+00 
   85       2.654325651095e-11       1.535884694069e-14      -4.901888877561e-13       1.084302180117e-14       0.000000000000e+00       0.000000000000e+00       0.000000000000e+00 
   86       2.579265621312e-11       1.546454496526e-14      -4.868819003051e-13       1.084624047686e-14       0.000000000000e+00       0.000000000000e+00       0.000000000000e+00 
   87       2.505293276546e-11       1.556414980240e-14      -4.832971790134e-13       1.084428119090e-14       0.000000000000e+00       0.000000000000e+00       0.000000000000e+00 
   88       2.432367692290e-11       1.565760309390e-14      -4.794434265419e-13       1.083720554022e-14       0.000000000000e+00       0.000000000000e+00       0.000000000000e+00 
   89       2.360450202310e-11       1.574485252324e-14      -4.753294969405e-13       1.082508012125e-14       0.000000000000e+00       0.000000000000e+00       0.000000000000e+00 
   90       2.289591556521e-11       1.582585259758e-14      -4.709630875987e-13       1.080796968065e-14       0.000000000000e+00       0.000000000000e+00       0.000000000000e+00 
   91       2.219856632631e-11       1.590056416094e-14      -4.663518477472e-13       1.078594296631e-14       0.000000000000e+00       0.000000000000e+00       0.000000000000e+00 
   92       2.151297335392e-11       1.596895428373e-14      -4.615037701221e-13       1.075907481103e-14       0.000000000000e+00       0.000000000000e+00       0.000000000000e+00 
   93       2.083951999032e-11       1.603099635933e-14      -4.564271883650e-13       1.072744614402e-14       0.000000000000e+00       0.000000000000e+00       0.000000000000e+00 
   94       2.017844789684e-11       1.608667020061e-14      -4.511307744252e-13       1.069114400255e-14       0.000000000000e+00       0.000000000000e+00       0.000000000000e+00 
   95       1.952985107819e-11       1.613596213654e-14      -4.456235359606e-13       1.065026154347e-14       0.000000000000e+00       0.000000000000e+00       0.000000000000e+00 
   96       1.889366990677e-11       1.617886510869e-14      -4.399148137387e-13       1.060489805483e-14       0.000000000000e+00       0.000000000000e+00       0.000000000000e+00 
   97       1.826968514696e-11       1.621537876782e-14      -4.340142790384e-13       1.055515896742e-14       0.000000000000e+00       0.000000000000e+00       0.000000000000e+00 
   98       1.765751197947e-11       1.624550957043e-14      -4.279319310508e-13       1.050115586636e-14       0.000000000000e+00       0.000000000000e+00       0.000000000000e+00 
   99       1.705679423776e-11       1.626926898950e-14      -4.216777387941e-13       1.044300236180e-14       0.000000000000e+00       0.000000000000e+00       0.000000000000e+00 
  100       1.646783142642e-11       1.628666764880e-14      -4.152605146012e-13       1.038080100851e-14       0.000000000000e+00       0.000000000000e+00       0.000000000000e+00 
  101       1.589102982668e-11       1.629772053332e-14      -4.086888755016e-13       1.031465454646e-14       0.000000000000e+00       0.000000000000e+00       0.000000000000e+00 
  102       1.532670670342e-11       1.630244887361e-14      -4.019715776521e-13       1.024466983826e-14       0.000000000000e+00       0.000000000000e+00       0.000000000000e+00 
  103       1.477508675630e-11       1.630088021960e-14      -3.951175094298e-13       1.017095783058e-14       0.000000000000e+00       0.000000000000e+00       0.000000000000e+00 
  104       1.423629857091e-11       1.629304851420e-14      -3.881356845242e-13       1.009363351550e-14       0.000000000000e+00       0.000000000000e+00       0.000000000000e+00 
  105       1.371037106982e-11       1.627899416706e-14      -3.810352350293e-13       1.001281589189e-14       0.000000000000e+00       0.000000000000e+00       0.000000000000e+00 
  106       1.319722996379e-11       1.625876412823e-14      -3.738254045365e-13       9.928627926829e-15       0.000000000000e+00       0.000000000000e+00       0.000000000000e+00 
  107       1.269669420285e-11       1.623241196187e-14      -3.665155412263e-13       9.841196516956e-15       0.000000000000e+00       0.000000000000e+00       0.000000000000e+00 
  108       1.220847242744e-11       1.619999791997e-14      -3.591150909610e-13       9.750652449866e-15       0.000000000000e+00       0.000000000000e+00       0.000000000000e+00 
  109       1.173215941950e-11       1.616158901602e-14      -3.516335903772e-13       9.657130365490e-15       0.000000000000e+00       0.000000000000e+00       0.000000000000e+00 
  110       1.126738605244e-11       1.611725597153e-14      -3.440804268426e-13       9.560765005633e-15       0.000000000000e+00       0.000000000000e+00       0.000000000000e+00 
  111       1.081429856562e-11       1.606706345350e-14      -3.364640982338e-13       9.461679499918e-15       0.000000000000e+00       0.000000000000e+00       0.000000000000e+00 
  112       1.037313427045e-11       1.601107871964e-14      -3.287928450583e-13       9.359995501452e-15       0.000000000000e+00       0.000000000000e+00       0.000000000000e+00 
  113       9.944071517685e-12       1.594937467637e-14      -3.210748660277e-13       9.255836690424e-15       0.000000000000e+00       0.000000000000e+00       0.000000000000e+00 
  114       9.527227657128e-12       1.588202992177e-14      -3.133183088589e-13       9.149328699008e-15       0.000000000000e+00       0.000000000000e+00       0.000000000000e+00 
  115       9.122656997335e-12       1.580912878855e-14      -3.055312610748e-13       9.040599036267e-15       0.000000000000e+00       0.000000000000e+00       0.000000000000e+00 
  116       8.730348765340e-12       1.573076138699e-14      -2.977217408059e-13       8.929777013055e-15       0.000000000000e+00       0.000000000000e+00       0.000000000000e+00 
  117       8.350225066358e-12       1.564702364793e-14      -2.898976875908e-13       8.816993666921e-15       0.000000000000e+00       0.000000000000e+00       0.000000000000e+00 
  118       7.982138843506e-12       1.555801736571e-14      -2.820669531779e-13       8.702381687007e-15       0.000000000000e+00       0.000000000000e+00       0.000000000000e+00 
  119       7.625871837507e-12       1.546385024117e-14      -2.742372923259e-13       8.586075338959e-15       0.000000000000e+00       0.000000000000e+00       0.000000000000e+00 
  120       7.281132546409e-12       1.536463592458e-14      -2.664163536053e-13       8.468210389826e-15       0.000000000000e+00       0.000000000000e+00       0.000000000000e+00 
  121       6.947554185293e-12       1.526049405860e-14      -2.586116701995e-13       8.348924032958e-15       0.000000000000e+00       0.000000000000e+00       0.000000000000e+00 
  122       6.624692645989e-12       1.515155032129e-14      -2.508306507053e-13       8.228354812920e-15       0.000000000000e+00       0.000000000000e+00       0.000000000000e+00 
  123       6.312141609801e-12       1.503793200194e-14      -2.430805080559e-13       8.106639062356e-15       0.000000000000e+00       0.000000000000e+00       0.000000000000e+00 
  124       6.009897205683e-12       1.491975406178e-14      -2.353680566348e-13       7.983899909082e-15       0.000000000000e+00       0.000000000000e+00       0.000000000000e+00 
  125       5.718031594666e-12       1.479713154542e-14      -2.276998744092e-13       7.860256858705e-15       0.000000000000e+00       0.000000000000e+00       0.000000000000e+00 
  126       5.436578462063e-12       1.467018391225e-14      -2.200823531349e-13       7.735829068047e-15       0.000000000000e+00       0.000000000000e+00       0.000000000000e+00 
  127       5.165531898920e-12       1.453903504424e-14      -2.125216886704e-13       7.610735242612e-15       0.000000000000e+00       0.000000000000e+00       0.000000000000e+00 
  128       4.904845283468e-12       1.440381325378e-14      -2.050238712918e-13       7.485093534038e-15       0.000000000000e+00       0.000000000000e+00       0.000000000000e+00 
  129       4.654430162573e-12       1.426465129148e-14      -1.975946760060e-13       7.359021437561e-15       0.000000000000e+00       0.000000000000e+00       0.000000000000e+00 
  130       4.414155133189e-12       1.412168635397e-14      -1.902396528660e-13       7.232635689478e-15       0.000000000000e+00       0.000000000000e+00       0.000000000000e+00 
  131       4.183844723809e-12       1.397506009179e-14      -1.829641172843e-13       7.106052164598e-15       0.000000000000e+00       0.000000000000e+00       0.000000000000e+00 
  132       3.963278275913e-12       1.382491861710e-14      -1.757731403476e-13       6.979385773709e-15       0.000000000000e+00       0.000000000000e+00       0.000000000000e+00 
  133       3.752188825428e-12       1.367141251159e-14      -1.686715391309e-13       6.852750361036e-15       0.000000000000e+00       0.000000000000e+00       0.000000000000e+00 
  134       3.550261984169e-12       1.351469683427e-14      -1.616638670117e-13       6.726258601699e-15       0.000000000000e+00       0.000000000000e+00       0.000000000000e+00 
  135       3.357134821297e-12       1.335493112925e-14      -1.547544039844e-13       6.600021899176e-15       0.000000000000e+00       0.000000000000e+00       0.000000000000e+00 
  136       3.172394744770e-12       1.319227943361e-14      -1.479471469741e-13       6.474150282759e-15       0.000000000000e+00       0.000000000000e+00       0.000000000000e+00 
  137       2.995663043077e-12       1.302690437136e-14      -1.412459637477e-13       6.348750892395e-15       0.000000000000e+00       0.000000000000e+00       0.000000000000e+00 
  138       2.826857634886e-12       1.285894872914e-14      -1.346550931230e-13       6.223923473305e-15       0.000000000000e+00       0.000000000000e+00       0.000000000000e+00 
  139       2.665955514276e-12       1.268855197990e-14      -1.281786783968e-13       6.099764218562e-15       0.000000000000e+00       0.000000000000e+00       0.000000000000e+00 
  140       2.512909954222e-12       1.251585599631e-14      -1.218205998263e-13       5.976367029406e-15       0.000000000000e+00       0.000000000000e+00       0.000000000000e+00 
  141       2.367649925402e-12       1.234100502095e-14      -1.155844659810e-13       5.853823403742e-15       0.000000000000e+00       0.000000000000e+00       0.000000000000e+00 
  142       2.230079515003e-12       1.216414563667e-14      -1.094736050959e-13       5.732222324631e-15       0.000000000000e+00       0.000000000000e+00       0.000000000000e+00 
  143       2.100077345530e-12       1.198542673680e-14      -1.034910564240e-13       5.611650148783e-15       0.000000000000e+00       0.000000000000e+00       0.000000000000e+00 
  144       1.977495993607e-12       1.180499949549e-14      -9.763956158856e-14       5.492190495054e-15       0.000000000000e+00       0.000000000000e+00       0.000000000000e+00 
  145       1.862161408790e-12       1.162301733797e-14      -9.192155593616e-14       5.373924132936e-15       0.000000000000e+00       0.000000000000e+00       0.000000000000e+00 
  146       1.753872332367e-12       1.143963591082e-14      -8.633915988900e-14       5.256928871051e-15       0.000000000000e+00       0.000000000000e+00       0.000000000000e+00 
  147       1.652399716171e-12       1.125501305226e-14      -8.089417029766e-14       5.141279445648e-15       0.000000000000e+00       0.000000000000e+00       0.000000000000e+00 
  148       1.557486141380e-12       1.106930876244e-14      -7.558805179367e-14       5.027047409093e-15       0.000000000000e+00       0.000000000000e+00       0.000000000000e+00 
  149       1.468845237328e-12       1.088268517371e-14      -7.042192814209e-14       4.914301018362e-15       0.000000000000e+00       0.000000000000e+00       0.000000000000e+00 
  150       1.386161100309e-12       1.069530652090e-14      -6.539657359418e-14       4.803105123539e-15       0.000000000000e+00       0.000000000000e+00       0.000000000000e+00 
  151       1.309087712387e-12       1.050733911163e-14      -6.051240423994e-14       4.693521056305e-15       0.000000000000e+00       0.000000000000e+00       0.000000000000e+00 
  152       1.237248360197e-12       1.031895129654e-14      -5.576946936077e-14       4.585606518436e-15       0.000000000000e+00       0.000000000000e+00       0.000000000000e+00 
  153       1.170299117562e-12       1.013030708897e-14      -5.116784170948e-14       4.479416999211e-15       0.000000000000e+00       0.000000000000e+00       0.000000000000e+00 
  154       1.108127155213e-12       9.941546419115e-15      -4.670884736292e-14       4.375010410562e-15       0.000000000000e+00       0.000000000000e+00       0.000000000000e+00 
  155       1.050669839081e-12       9.752802979520e-15      -4.239393421307e-14       4.272442672107e-15       0.000000000000e+00       0.000000000000e+00       0.000000000000e+00 
  156       9.978520701310e-13       9.564210349271e-15      -3.822427675180e-14       4.171766118092e-15       0.000000000000e+00       0.000000000000e+00       0.000000000000e+00 
  157       9.495860294389e-13       9.375901931919e-15      -3.420076945525e-14       4.073029393677e-15       0.000000000000e+00       0.000000000000e+00       0.000000000000e+00 
  158       9.057709232740e-13       9.188010893423e-15      -3.032402016811e-14       3.976277351208e-15       0.000000000000e+00       0.000000000000e+00       0.000000000000e+00 
  159       8.662927281772e-13       9.000670100088e-15      -2.659434348795e-14       3.881550946505e-15       0.000000000000e+00       0.000000000000e+00       0.000000000000e+00 
  160       8.310239360419e-13       8.814012056501e-15      -2.301175414959e-14       3.788887135137e-15       0.000000000000e+00       0.000000000000e+00       0.000000000000e+00 
  161       7.998232991933e-13       8.628168843471e-15      -1.957596040935e-14       3.698318768704e-15       0.000000000000e+00       0.000000000000e+00       0.000000000000e+00 
  162       7.725355754688e-13       8.443272055968e-15      -1.628635742944e-14       3.609874491119e-15       0.000000000000e+00       0.000000000000e+00       0.000000000000e+00 
  163       7.489912732980e-13       8.259452741056e-15      -1.314202066226e-14       3.523578634886e-15       0.000000000000e+00       0.000000000000e+00       0.000000000000e+00 
  164       7.290063967824e-13       8.076841335838e-15      -1.014169923472e-14       3.439451117380e-15       0.000000000000e+00       0.000000000000e+00       0.000000000000e+00 
  165       7.123821907755e-13       7.895567605387e-15      -7.283809332578e-15       3.357507337131e-15       0.000000000000e+00       0.000000000000e+00       0.000000000000e+00 
  166       6.989048859631e-13       7.715760580689e-15      -4.566427584756e-15       3.277758070099e-15       0.000000000000e+00       0.000000000000e+00       0.000000000000e+00 
  167       6.883454439425e-13       7.537548496580e-15      -1.987284447666e-15       3.200209365960e-15       0.000000000000e+00       0.000000000000e+00       0.000000000000e+00 
  168       6.804593023034e-13       7.361058729680e-15       4.562424104630e-16       3.124862444380e-15       0.000000000000e+00       0.000000000000e+00       0.000000000000e+00 
  169       6.749861197072e-13       7.186417736337e-15       2.767134725261e-15       3.051713591301e-15       0.000000000000e+00       0.000000000000e+00       0.000000000000e+00 
  170       6.716495209672e-13       7.013750990561e-15       4.948740251889e-15       2.980754055219e-15       0.000000000000e+00       0.000000000000e+00       0.000000000000e+00 
  171       6.701991626541e-13       6.843178253511e-15       7.004179298775e-15       2.911975785151e-15       0.000000000000e+00       0.000000000000e+00       0.000000000000e+00 
  172       6.705413995674e-13       6.674799069257e-15       8.934494949433e-15       2.845389398580e-15       0.000000000000e+00       0.000000000000e+00       0.000000000000e+00 
  173       6.726190756156e-13       6.508705935082e-15       1.074036056320e-14       2.781007519919e-15       0.000000000000e+00       0.000000000000e+00       0.000000000000e+00 
  174       6.763701023577e-13       6.344988780579e-15       1.242267010995e-14       2.718838994400e-15       0.000000000000e+00       0.000000000000e+00       0.000000000000e+00 
  175       6.817273767496e-13       6.183734886532e-15       1.398254233746e-14       2.658888808182e-15       0.000000000000e+00       0.000000000000e+00       0.000000000000e+00 
  176       6.886186988900e-13       6.025028803818e-15       1.542132493876e-14       2.601158008467e-15       0.000000000000e+00       0.000000000000e+00       0.000000000000e+00 
  177       6.969666897674e-13       5.868952272288e-15       1.674059871950e-14       2.545643623615e-15       0.000000000000e+00       0.000000000000e+00       0.000000000000e+00 
  178       7.066887090059e-13       5.715584139667e-15       1.794218176531e-14       2.492338583261e-15       0.000000000000e+00       0.000000000000e+00       0.000000000000e+00 
  179       7.176967726119e-13       5.565000280435e-15       1.902813360916e-14       2.441231638421e-15       0.000000000000e+00       0.000000000000e+00       0.000000000000e+00 
  180       7.298974707200e-13       5.417273514726e-15       2.000075939871e-14       2.392307281614e-15       0.000000000000e+00       0.000000000000e+00       0.000000000000e+00 
  181       7.431918853399e-13       5.272473527216e-15       2.086261406370e-14       2.345545666975e-15       0.000000000000e+00       0.000000000000e+00       0.000000000000e+00 
  182       7.574755081023e-13       5.130666786013e-15       2.161650648326e-14       2.300922530365e-15       0.000000000000e+00       0.000000000000e+00       0.000000000000e+00 
  183       7.726381580055e-13       4.991916461547e-15       2.226550365333e-14       2.258409109488e-15       0.000000000000e+00       0.000000000000e+00       0.000000000000e+00 
  184       7.885638991614e-13       4.856282345465e-15       2.281293485397e-14       2.217972064008e-15       0.000000000000e+00       0.000000000000e+00       0.000000000000e+00 
  185       8.051309585422e-13       4.723820769517e-15       2.326239581674e-14       2.179573395657e-15       0.000000000000e+00       0.000000000000e+00       0.000000000000e+00 
  186       8.222116437268e-13       4.594584524449e-15       2.361775289209e-14       2.143170368354e-15       0.000000000000e+00       0.000000000000e+00       0.000000000000e+00 
  187       8.396722606465e-13       4.468622778894e-15       2.388314721664e-14       2.108715428318e-15       0.000000000000e+00       0.000000000000e+00       0.000000000000e+00 
  188       8.573730313322e-13       4.345980998265e-15       2.406299888064e-14       2.076156124182e-15       0.000000000000e+00       0.000000000000e+00       0.000000000000e+00 
  189       8.751680116600e-13       4.226700863639e-15       2.416201109525e-14       2.045435027107e-15       0.000000000000e+00       0.000000000000e+00       0.000000000000e+00 
  190       8.929050090980e-13       4.110820190656e-15       2.418517435994e-14       2.016489650895e-15       0.000000000000e+00       0.000000000000e+00       0.000000000000e+00 
  191       9.104487191336e-13       3.998373139865e-15       2.413709132417e-14       1.989261966810e-15       0.000000000000e+00       0.000000000000e+00       0.000000000000e+00 
  192       9.277522440827e-13       3.889391034414e-15       2.401988613256e-14       1.963727911548e-15       0.000000000000e+00       0.000000000000e+00       0.000000000000e+00 
  193       9.447907927694e-13       3.783901447716e-15       2.383514592488e-14       1.939869943918e-15       0.000000000000e+00       0.000000000000e+00       0.000000000000e+00 
  194       9.615389380242e-13       3.681927837890e-15       2.358458797109e-14       1.917667601020e-15       0.000000000000e+00       0.000000000000e+00       0.000000000000e+00 
  195       9.779706104080e-13       3.583489467601e-15       2.327006161580e-14       1.897097449751e-15       0.000000000000e+00       0.000000000000e+00       0.000000000000e+00 
  196       9.940590919359e-13       3.488601323910e-15       2.289355022285e-14       1.878133038319e-15       0.000000000000e+00       0.000000000000e+00       0.000000000000e+00 
  197       1.009777009801e-12       3.397274038115e-15       2.245717311971e-14       1.860744847751e-15       0.000000000000e+00       0.000000000000e+00       0.000000000000e+00 
  198       1.025096330097e-12       3.309513805597e-15       2.196318754207e-14       1.844900243405e-15       0.000000000000e+00       0.000000000000e+00       0.000000000000e+00 
  199       1.039988351544e-12       3.225322305664e-15       2.141399057830e-14       1.830563426479e-15       0.000000000000e+00       0.000000000000e+00       0.000000000000e+00 
  200       1.054423699210e-12       3.144696621397e-15       2.081212111394e-14       1.817695385524e-15       0.000000000000e+00       0.000000000000e+00       0.000000000000e+00 
  201       1.068372318237e-12       3.067629159491e-15       2.016026177624e-14       1.806253847951e-15       0.000000000000e+00       0.000000000000e+00       0.000000000000e+00 
  202       1.081803467560e-12       2.994107570105e-15       1.946124087861e-14       1.796193231545e-15       0.000000000000e+00       0.000000000000e+00       0.000000000000e+00 
  203       1.094685713639e-12       2.924114666700e-15       1.871803436518e-14       1.787464595974e-15       0.000000000000e+00       0.000000000000e+00       0.000000000000e+00 
  204       1.106986924172e-12       2.857628345890e-15       1.793376775525e-14       1.780015594297e-15       0.000000000000e+00       0.000000000000e+00       0.000000000000e+00 
  205       1.118674261830e-12       2.794621507281e-15       1.711171808784e-14       1.773790424480e-15       0.000000000000e+00       0.000000000000e+00       0.000000000000e+00 
  206       1.129714177970e-12       2.735061973322e-15       1.625531586612e-14       1.768729780901e-15       0.000000000000e+00       0.000000000000e+00       0.000000000000e+00 
  207       1.140072406368e-12       2.678912409142e-15       1.536814700201e-14       1.764770805864e-15       0.000000000000e+00       0.000000000000e+00       0.000000000000e+00 
  208       1.149713956934e-12       2.626130242400e-15       1.445395476058e-14       1.761847041108e-15       0.000000000000e+00       0.000000000000e+00       0.000000000000e+00 
  209       1.158603109445e-12       2.576667583128e-15       1.351664170463e-14       1.759888379319e-15       0.000000000000e+00       0.000000000000e+00       0.000000000000e+00 
  210       1.166703407261e-12       2.530471143574e-15       1.256027163915e-14       1.758821015637e-15       0.000000000000e+00       0.000000000000e+00       0.000000000000e+00 
  211       1.173977651051e-12       2.487482158049e-15       1.158907155581e-14       1.758567399170e-15       0.000000000000e+00       0.000000000000e+00       0.000000000000e+00 
  212       1.180387892519e-12       2.447636302771e-15       1.060743357752e-14       1.759046184504e-15       0.000000000000e+00       0.000000000000e+00       0.000000000000e+00 
  213       1.185902842239e-12       2.410871869728e-15       9.619319852982e-15       1.760183435597e-15       0.000000000000e+00       0.000000000000e+00       0.000000000000e+00 
  214       1.190520662653e-12       2.377155068595e-15       8.626428502756e-15       1.761947179699e-15       0.000000000000e+00       0.000000000000e+00       0.000000000000e+00 
  215       1.194247702859e-12       2.346456279342e-15       7.629907520659e-15       1.764315094219e-15       0.000000000000e+00       0.000000000000e+00       0.000000000000e+00 
  216       1.197091235993e-12       2.318741893706e-15       6.630941062737e-15       1.767263445307e-15       0.000000000000e+00       0.000000000000e+00       0.000000000000e+00 
  217       1.199059472476e-12       2.293974256764e-15       5.630749819963e-15       1.770767068989e-15       0.000000000000e+00       0.000000000000e+00       0.000000000000e+00 
  218       1.200161573253e-12       2.272111608509e-15       4.630591390931e-15       1.774799352297e-15       0.000000000000e+00       0.000000000000e+00       0.000000000000e+00 
  219       1.200407663036e-12       2.253108025422e-15       3.631760654555e-15       1.779332214407e-15       0.000000000000e+00       0.000000000000e+00       0.000000000000e+00 
  220       1.199808843547e-12       2.236913362050e-15       2.635590142768e-15       1.784336087768e-15       0.000000000000e+00       0.000000000000e+00       0.000000000000e+00 
  221       1.198377206758e-12       2.223473192576e-15       1.643450413214e-15       1.789779899241e-15       0.000000000000e+00       0.000000000000e+00       0.000000000000e+00 
  222       1.196125848135e-12       2.212728752398e-15       6.567504219469e-16       1.795631051227e-15       0.000000000000e+00       0.000000000000e+00       0.000000000000e+00 
  223       1.193068879881e-12       2.204616879697e-15      -3.230621038697e-16       1.801855402806e-15       0.000000000000e+00       0.000000000000e+00       0.000000000000e+00 
  224       1.189221444176e-12       2.199069957018e-15      -1.294500293269e-15       1.808417250869e-15       0.000000000000e+00       0.000000000000e+00       0.000000000000e+00 
  225       1.184599726420e-12       2.196015852839e-15      -2.256037758781e-15       1.815279311247e-15       0.000000000000e+00       0.000000000000e+00       0.000000000000e+00 
  226       1.179220968478e-12       2.195377863147e-15      -3.206108223741e-15       1.822402699855e-15       0.000000000000e+00       0.000000000000e+00       0.000000000000e+00 
  227       1.173103481917e-12       2.197074653015e-15      -4.143105149585e-15       1.829746913813e-15       0.000000000000e+00       0.000000000000e+00       0.000000000000e+00 
  228       1.166266661252e-12       2.201020198171e-15      -5.065381363158e-15       1.837269812593e-15       0.000000000000e+00       0.000000000000e+00       0.000000000000e+00 
  229       1.158730997188e-12       2.207123726576e-15      -5.971248684016e-15       1.844927599140e-15       0.000000000000e+00       0.000000000000e+00       0.000000000000e+00 
  230       1.150518089861e-12       2.215289659997e-15      -6.858977551729e-15       1.852674801016e-15       0.000000000000e+00       0.000000000000e+00       0.000000000000e+00 
  231       1.141650662081e-12       2.225417555582e-15      -7.726796653182e-15       1.860464251527e-15       0.000000000000e+00       0.000000000000e+00       0.000000000000e+00 
  232       1.132152572573e-12       2.237402047433e-15      -8.572892549881e-15       1.868247070862e-15       0.000000000000e+00       0.000000000000e+00       0.000000000000e+00 
  233       1.122048829221e-12       2.251132788180e-15      -9.395409305255e-15       1.875972647220e-15       0.000000000000e+00       0.000000000000e+00       0.000000000000e+00 
  234       1.111365602309e-12       2.266494390560e-15      -1.019244811196e-14       1.883588617950e-15       0.000000000000e+00       0.000000000000e+00       0.000000000000e+00 
  235       1.100130237764e-12       2.283366368983e-15      -1.096206691917e-14       1.891040850684e-15       0.000000000000e+00       0.000000000000e+00       0.000000000000e+00 
  236       1.088371270399e-12       2.301623081112e-15      -1.170228005991e-14       1.898273424466e-15       0.000000000000e+00       0.000000000000e+00       0.000000000000e+00 
  237       1.076118437152e-12       2.321133669436e-15      -1.241105787833e-14       1.905228610890e-15       0.000000000000e+00       0.000000000000e+00       0.000000000000e+00 
  238       1.063399954871e-12       2.341778027919e-15      -1.308666215920e-14       1.911855830479e-15       0.000000000000e+00       0.000000000000e+00       0.000000000000e+00 
  239       1.050234143283e-12       2.363495896105e-15      -1.372867573679e-14       1.918139162928e-15       0.000000000000e+00       0.000000000000e+00       0.000000000000e+00 
  240       1.036637320195e-12       2.386240625992e-15      -1.433703454044e-14       1.924071466938e-15       0.000000000000e+00       0.000000000000e+00       0.000000000000e+00 
  241       1.022626498744e-12       2.409963399979e-15      -1.491169773647e-14       1.929645554937e-15       0.000000000000e+00       0.000000000000e+00       0.000000000000e+00 
  242       1.008219394863e-12       2.434613206246e-15      -1.545264806383e-14       1.934854193143e-15       0.000000000000e+00       0.000000000000e+00       0.000000000000e+00 
  243       9.934344347578e-13       2.460136814134e-15      -1.595989216989e-14       1.939690101640e-15       0.000000000000e+00       0.000000000000e+00       0.000000000000e+00 
  244       9.782907623753e-13       2.486478749530e-15      -1.643346094612e-14       1.944145954439e-15       0.000000000000e+00       0.000000000000e+00       0.000000000000e+00 
  245       9.628082468753e-13       2.513581270246e-15      -1.687340986382e-14       1.948214379549e-15       0.000000000000e+00       0.000000000000e+00       0.000000000000e+00 
  246       9.470074901027e-13       2.541384341397e-15      -1.727981930984e-14       1.951887959047e-15       0.000000000000e+00       0.000000000000e+00       0.000000000000e+00 
  247       9.309098340583e-13       2.569825610790e-15      -1.765279492232e-14       1.955159229143e-15       0.000000000000e+00       0.000000000000e+00       0.000000000000e+00 
  248       9.145373683705e-13       2.598840384298e-15      -1.799246792637e-14       1.958020680252e-15       0.000000000000e+00       0.000000000000e+00       0.000000000000e+00 
  249       8.979129377665e-13       2.628361601244e-15      -1.829899546985e-14       1.960464757057e-15       0.000000000000e+00       0.000000000000e+00       0.000000000000e+00 
  250       8.810601495442e-13       2.658319809782e-15      -1.857256095904e-14       1.962483858581e-15       0.000000000000e+00       0.000000000000e+00       0.000000000000e+00 
  251       8.640033810428e-13       2.688643142279e-15      -1.881337439438e-14       1.964070338255e-15       0.000000000000e+00       0.000000000000e+00       0.000000000000e+00 
  252       8.467677871150e-13       2.719257290696e-15      -1.902167270621e-14       1.965216503984e-15       0.000000000000e+00       0.000000000000e+00       0.000000000000e+00 
  253       8.293793075981e-13       2.750085481968e-15      -1.919772009045e-14       1.965914618218e-15       0.000000000000e+00       0.000000000000e+00       0.000000000000e+00 
  254       8.118646747854e-13       2.781048453385e-15      -1.934180834436e-14       1.966156898018e-15       0.000000000000e+00       0.000000000000e+00       0.000000000000e+00 
  255       7.942514208975e-13       2.812064427977e-15      -1.945425720226e-14       1.965935515125e-15       0.000000000000e+00       0.000000000000e+00       0.000000000000e+00 
  256       7.765678855542e-13       2.843049089890e-15      -1.953541467121e-14       1.965242596026e-15       0.000000000000e+00       0.000000000000e+00       0.000000000000e+00 
  257       7.588432232454e-13       2.873915559771e-15      -1.958565736679e-14       1.964070222029e-15       0.000000000000e+00       0.000000000000e+00       0.000000000000e+00 
  258       7.411074108026e-13       2.904574370146e-15      -1.960539084877e-14       1.962410429321e-15       0.000000000000e+00       0.000000000000e+00       0.000000000000e+00 
  259       7.233912548706e-13       2.934933440806e-15      -1.959504995686e-14       1.960255209046e-15       0.000000000000e+00       0.000000000000e+00       0.000000000000e+00 
  260       7.057263993789e-13       2.964898054183e-15      -1.955509914644e-14       1.957596507365e-15       0.000000000000e+00       0.000000000000e+00       0.000000000000e+00 
  261       6.881453330126e-13       2.994370830735e-15      -1.948603282425e-14       1.954426225531e-15       0.000000000000e+00       0.000000000000e+00       0.000000000000e+00 
  262       6.706813966845e-13       3.023251704324e-15      -1.938837568413e-14       1.950736219953e-15       0.000000000000e+00       0.000000000000e+00       0.000000000000e+00 
  263       6.533687910061e-13       3.051437897601e-15      -1.926268304275e-14       1.946518302264e-15       0.000000000000e+00       0.000000000000e+00       0.000000000000e+00 
  264       6.362425837591e-13       3.078823897385e-15      -1.910954117531e-14       1.941764239393e-15       0.000000000000e+00       0.000000000000e+00       0.000000000000e+00 
  265       6.193387173670e-13       3.105301430043e-15      -1.892956765128e-14       1.936465753628e-15       0.000000000000e+00       0.000000000000e+00       0.000000000000e+00 
  266       6.026887480183e-13       3.130775863736e-15      -1.872339406605e-14       1.930617361594e-15       0.000000000000e+00       0.000000000000e+00       0.000000000000e+00 
  267       5.863037312005e-13       3.155216452470e-15      -1.849161250557e-14       1.924225061796e-15       0.000000000000e+00       0.000000000000e+00       0.000000000000e+00 
  268       5.701894756475e-13       3.178608772522e-15      -1.823482682783e-14       1.917298118965e-15       0.000000000000e+00       0.000000000000e+00       0.000000000000e+00 
  269       5.543517314789e-13       3.200938544347e-15      -1.795367030963e-14       1.909846272464e-15       0.000000000000e+00       0.000000000000e+00       0.000000000000e+00 
  270       5.387961887704e-13       3.222191635713e-15      -1.764880595260e-14       1.901879741153e-15       0.000000000000e+00       0.000000000000e+00       0.000000000000e+00 
  271       5.235284761231e-13       3.242354064838e-15      -1.732092678916e-14       1.893409228256e-15       0.000000000000e+00       0.000000000000e+00       0.000000000000e+00 
  272       5.085541592341e-13       3.261412003526e-15      -1.697075618849e-14       1.884445926226e-15       0.000000000000e+00       0.000000000000e+00       0.000000000000e+00 
  273       4.938787394659e-13       3.279351780305e-15      -1.659904816252e-14       1.875001521608e-15       0.000000000000e+00       0.000000000000e+00       0.000000000000e+00 
  274       4.795076524168e-13       3.296159883562e-15      -1.620658767190e-14       1.865088199903e-15       0.000000000000e+00       0.000000000000e+00       0.000000000000e+00 
  275       4.654462664902e-13       3.311822964677e-15      -1.579419093196e-14       1.854718650436e-15       0.000000000000e+00       0.000000000000e+00       0.000000000000e+00 
  276       4.516998814652e-13       3.326327841165e-15      -1.536270571875e-14       1.843906071219e-15       0.000000000000e+00       0.000000000000e+00       0.000000000000e+00 
  277       4.382737270661e-13       3.339661499807e-15      -1.491301167494e-14       1.832664173817e-15       0.000000000000e+00       0.000000000000e+00       0.000000000000e+00 
  278       4.251729615325e-13       3.351811099790e-15      -1.444602061583e-14       1.821007188210e-15       0.000000000000e+00       0.000000000000e+00       0.000000000000e+00 
  279       4.124026701892e-13       3.362763975838e-15      -1.396267683535e-14       1.808949867660e-15       0.000000000000e+00       0.000000000000e+00       0.000000000000e+00 
  280       3.999678640160e-13       3.372507641357e-15      -1.346395741201e-14       1.796507493577e-15       0.000000000000e+00       0.000000000000e+00       0.000000000000e+00 
  281       3.878734782180e-13       3.381029791564e-15      -1.295087251487e-14       1.783695880381e-15       0.000000000000e+00       0.000000000000e+00       0.000000000000e+00 
  282       3.761243707949e-13       3.388318306625e-15      -1.242446570954e-14       1.770531380369e-15       0.000000000000e+00       0.000000000000e+00       0.000000000000e+00 
  283       3.647253211115e-13       3.394361254793e-15      -1.188581426416e-14       1.757030888580e-15       0.000000000000e+00       0.000000000000e+00       0.000000000000e+00 
  284       3.536810284675e-13       3.399146895544e-15      -1.133602945535e-14       1.743211847656e-15       0.000000000000e+00       0.000000000000e+00       0.000000000000e+00 
  285       3.429961106673e-13       3.402663682712e-15      -1.077625687420e-14       1.729092252713e-15       0.000000000000e+00       0.000000000000e+00       0.000000000000e+00 
  286       3.326751025898e-13       3.404900267625e-15      -1.020767673228e-14       1.714690656200e-15       0.000000000000e+00       0.000000000000e+00       0.000000000000e+00 
  287       3.227224547587e-13       3.405845502244e-15      -9.631504167552e-15       1.700026172770e-15       0.000000000000e+00       0.000000000000e+00       0.000000000000e+00 
  288       3.131425319123e-13       3.405488442298e-15      -9.048989550411e-15       1.685118484136e-15       0.000000000000e+00       0.000000000000e+00       0.000000000000e+00 
  289       3.039396115731e-13       3.403818350419e-15      -8.461418789622e-15       1.669987843946e-15       0.000000000000e+00       0.000000000000e+00       0.000000000000e+00 
  290       2.951178826181e-13       3.400824699278e-15      -7.870113638313e-15       1.654655082641e-15       0.000000000000e+00       0.000000000000e+00       0.000000000000e+00 
  291       2.866814438489e-13       3.396497174727e-15      -7.276431999953e-15       1.639141612321e-15       0.000000000000e+00       0.000000000000e+00       0.000000000000e+00 
  292       2.786343025609e-13       3.390825678927e-15      -6.681768234324e-15       1.623469431612e-15       0.000000000000e+00       0.000000000000e+00       0.000000000000e+00 
  293       2.709803731140e-13       3.383800333490e-15      -6.087553463503e-15       1.607661130529e-15       0.000000000000e+00       0.000000000000e+00       0.000000000000e+00 
  294       2.637234755021e-13       3.375411482613e-15      -5.495255877835e-15       1.591739895342e-15       0.000000000000e+00       0.000000000000e+00       0.000000000000e+00 
  295       2.568673339231e-13       3.365649696217e-15      -4.906381041916e-15       1.575729513438e-15       0.000000000000e+00       0.000000000000e+00       0.000000000000e+00 
  296       2.504155753488e-13       3.354505773079e-15      -4.322472200565e-15       1.559654378189e-15       0.000000000000e+00       0.000000000000e+00       0.000000000000e+00 
  297       2.443703273421e-13       3.341976194507e-15      -3.744891125635e-15       1.543536675709e-15       0.000000000000e+00       0.000000000000e+00       0.000000000000e+00 
  298       2.387279389061e-13       3.328079772711e-15      -3.174148221758e-15       1.527387783567e-15       0.000000000000e+00       0.000000000000e+00       0.000000000000e+00 
  299       2.334830484010e-13       3.312841819515e-15      -2.610540386187e-15       1.511216462585e-15       0.000000000000e+00       0.000000000000e+00       0.000000000000e+00 
  300       2.286299621977e-13       3.296288779387e-15      -2.054367535588e-15       1.495031638226e-15       0.000000000000e+00       0.000000000000e+00       0.000000000000e+00 
  301       2.241626513481e-13       3.278448239967e-15      -1.505932614468e-15       1.478842401642e-15       0.000000000000e+00       0.000000000000e+00       0.000000000000e+00 
  302       2.200747482560e-13       3.259348942591e-15      -9.655416035981e-16       1.462658010712e-15       0.000000000000e+00       0.000000000000e+00       0.000000000000e+00 
  303       2.163595433480e-13       3.239020792818e-15      -4.335035284427e-16       1.446487891089e-15       0.000000000000e+00       0.000000000000e+00       0.000000000000e+00 
  304       2.130099817441e-13       3.217494870960e-15       8.986953241691e-17       1.430341637246e-15       0.000000000000e+00       0.000000000000e+00       0.000000000000e+00 
  305       2.100186599284e-13       3.194803442601e-15       6.042624388559e-16       1.414229013516e-15       0.000000000000e+00       0.000000000000e+00       0.000000000000e+00 
  306       2.073778224197e-13       3.170979969131e-15       1.109356980780e-15       1.398159955136e-15       0.000000000000e+00       0.000000000000e+00       0.000000000000e+00 
  307       2.050793584427e-13       3.146059118267e-15       1.604831869701e-15       1.382144569297e-15       0.000000000000e+00       0.000000000000e+00       0.000000000000e+00 
  308       2.031147985981e-13       3.120076774582e-15       2.090362730307e-15       1.366193136179e-15       0.000000000000e+00       0.000000000000e+00       0.000000000000e+00 
  309       2.014753115339e-13       3.093070050031e-15       2.565622092043e-15       1.350316110003e-15       0.000000000000e+00       0.000000000000e+00       0.000000000000e+00 
  310       2.001517006156e-13       3.065077294478e-15       3.030279380679e-15       1.334524120068e-15       0.000000000000e+00       0.000000000000e+00       0.000000000000e+00 
  311       1.991344005976e-13       3.036138106220e-15       3.484000909886e-15       1.318827971801e-15       0.000000000000e+00       0.000000000000e+00       0.000000000000e+00 
  312       1.984134742932e-13       3.006293342517e-15       3.926449872812e-15       1.303238647797e-15       0.000000000000e+00       0.000000000000e+00       0.000000000000e+00 
  313       1.979786092459e-13       2.975585130113e-15       4.357286333655e-15       1.287767308864e-15       0.000000000000e+00       0.000000000000e+00       0.000000000000e+00 
  314       1.978191143997e-13       2.944056875770e-15       4.776167219235e-15       1.272425295068e-15       0.000000000000e+00       0.000000000000e+00       0.000000000000e+00 
  315       1.979239167702e-13       2.911753276787e-15       5.182746310572e-15       1.257224126776e-15       0.000000000000e+00       0.000000000000e+00       0.000000000000e+00 
  316       1.982815581151e-13       2.878720331531e-15       5.576674234458e-15       1.242175505697e-15       0.000000000000e+00       0.000000000000e+00       0.000000000000e+00 
  317       1.988801916049e-13       2.845005349961e-15       5.957598455030e-15       1.227291315934e-15       0.000000000000e+00       0.000000000000e+00       0.000000000000e+00 
  318       1.997075784940e-13       2.810656964157e-15       6.325163265347e-15       1.212583625019e-15       0.000000000000e+00       0.000000000000e+00       0.000000000000e+00 
  319       2.007510847909e-13       2.775725138843e-15       6.679009778962e-15       1.198064684961e-15       0.000000000000e+00       0.000000000000e+00       0.000000000000e+00 
  320       2.019976779292e-13       2.740261181915e-15       7.018775921497e-15       1.183746933292e-15       0.000000000000e+00       0.000000000000e+00       0.000000000000e+00 
  321       2.034339234385e-13       2.704317754970e-15       7.344096422217e-15       1.169642994107e-15       0.000000000000e+00       0.000000000000e+00       0.000000000000e+00 
  322       2.050459816148e-13       2.667948883826e-15       7.654602805603e-15       1.155765679109e-15       0.000000000000e+00       0.000000000000e+00       0.000000000000e+00 
  323       2.068196041914e-13       2.631209969055e-15       7.949923382929e-15       1.142127988654e-15       0.000000000000e+00       0.000000000000e+00       0.000000000000e+00 
  324       2.087401310097e-13       2.594157796506e-15       8.229683243834e-15       1.128743112794e-15       0.000000000000e+00       0.000000000000e+00       0.000000000000e+00 
  325       2.107924866897e-13       2.556850547833e-15       8.493504247895e-15       1.115624432324e-15       0.000000000000e+00       0.000000000000e+00       0.000000000000e+00 
  326       2.129611773009e-13       2.519347811018e-15       8.741005016205e-15       1.102785519820e-15       0.000000000000e+00       0.000000000000e+00       0.000000000000e+00 
  327       2.152302870332e-13       2.481710590902e-15       8.971800922943e-15       1.090240140686e-15       0.000000000000e+00       0.000000000000e+00       0.000000000000e+00 
  328       2.175834748672e-13       2.444001319707e-15       9.185504086951e-15       1.078002254202e-15       0.000000000000e+00       0.000000000000e+00       0.000000000000e+00 
  329       2.200039712453e-13       2.406283867568e-15       9.381723363307e-15       1.066086014560e-15       0.000000000000e+00       0.000000000000e+00       0.000000000000e+00 
  330       2.224745747421e-13       2.368623553054e-15       9.560064334898e-15       1.054505771913e-15       0.000000000000e+00       0.000000000000e+00       0.000000000000e+00 
  331       2.249776487356e-13       2.331087153694e-15       9.720129303998e-15       1.043276073420e-15       0.000000000000e+00       0.000000000000e+00       0.000000000000e+00 
  332       2.274976610166e-13       2.293734351088e-15       9.861624819251e-15       1.032408846716e-15       0.000000000000e+00       0.000000000000e+00       0.000000000000e+00 
  333       2.300289318279e-13       2.256591632366e-15       9.984689455918e-15       1.021904812459e-15       0.000000000000e+00       0.000000000000e+00       0.000000000000e+00 
  334       2.325682174247e-13       2.219677270420e-15       1.008958032299e-14       1.011761699087e-15       0.000000000000e+00       0.000000000000e+00       0.000000000000e+00 
  335       2.351121970666e-13       2.183009787817e-15       1.017656692583e-14       1.001977024572e-15       0.000000000000e+00       0.000000000000e+00       0.000000000000e+00 
  336       2.376574724480e-13       2.146607958032e-15       1.024593127448e-14       9.925480944151e-16       0.000000000000e+00       0.000000000000e+00       0.000000000000e+00 
  337       2.402005671293e-13       2.110490806677e-15       1.029796799196e-14       9.834719996236e-16       0.000000000000e+00       0.000000000000e+00       0.000000000000e+00 
  338       2.427379259675e-13       2.074677612729e-15       1.033298442255e-14       9.747456147020e-16       0.000000000000e+00       0.000000000000e+00       0.000000000000e+00 
  339       2.452659145476e-13       2.039187909759e-15       1.035130074008e-14       9.663655956357e-16       0.000000000000e+00       0.000000000000e+00       0.000000000000e+00 
  340       2.477808186130e-13       2.004041487162e-15       1.035325005627e-14       9.583283778771e-16       0.000000000000e+00       0.000000000000e+00       0.000000000000e+00 
  341       2.502788434966e-13       1.969258391388e-15       1.033917852895e-14       9.506301743312e-16       0.000000000000e+00       0.000000000000e+00       0.000000000000e+00 
  342       2.527561135517e-13       1.934858927168e-15       1.030944547043e-14       9.432669733414e-16       0.000000000000e+00       0.000000000000e+00       0.000000000000e+00 
  343       2.552086715829e-13       1.900863658746e-15       1.026442345576e-14       9.362345366747e-16       0.000000000000e+00       0.000000000000e+00       0.000000000000e+00 
  344       2.576324782770e-13       1.867293411106e-15       1.020449843102e-14       9.295283975083e-16       0.000000000000e+00       0.000000000000e+00       0.000000000000e+00 
  345       2.600234116337e-13       1.834169271203e-15       1.013006982162e-14       9.231438584142e-16       0.000000000000e+00       0.000000000000e+00       0.000000000000e+00 
  346       2.623772663969e-13       1.801512589193e-15       1.004155064062e-14       9.170759893457e-16       0.000000000000e+00       0.000000000000e+00       0.000000000000e+00 
  347       2.646897534852e-13       1.769344979660e-15       9.939367596986e-15       9.113196256228e-16       0.000000000000e+00       0.000000000000e+00       0.000000000000e+00 
  348       2.669564994229e-13       1.737688322845e-15       9.823961203926e-15       9.058693659175e-16       0.000000000000e+00       0.000000000000e+00       0.000000000000e+00 
  349       2.691730457711e-13       1.706564765879e-15       9.695785887148e-15       9.007195702403e-16       0.000000000000e+00       0.000000000000e+00       0.000000000000e+00 
  350       2.713348485583e-13       1.675996724008e-15       9.555310093180e-15       8.958643579251e-16       0.000000000000e+00       0.000000000000e+00       0.000000000000e+00 
  351       2.734372777115e-13       1.646006881826e-15       9.403016397658e-15       8.912976056153e-16       0.000000000000e+00       0.000000000000e+00       0.000000000000e+00 
  352       2.754756164871e-13       1.616618194500e-15       9.239401613620e-15       8.870129452493e-16       0.000000000000e+00       0.000000000000e+00       0.000000000000e+00 
  353       2.774450609015e-13       1.587853889005e-15       9.064976899804e-15       8.830037620463e-16       0.000000000000e+00       0.000000000000e+00       0.000000000000e+00 
  354       2.793407191625e-13       1.559737465347e-15       8.880267868943e-15       8.792631924918e-16       0.000000000000e+00       0.000000000000e+00       0.000000000000e+00 
  355       2.811576110997e-13       1.532292697796e-15       8.685814696061e-15       8.757841223236e-16       0.000000000000e+00       0.000000000000e+00       0.000000000000e+00 
  356       2.828906675956e-13       1.505543636117e-15       8.482172226766e-15       8.725591845172e-16       0.000000000000e+00       0.000000000000e+00       0.000000000000e+00 
  357       2.845347300167e-13       1.479514606793e-15       8.269910085551e-15       8.695807572713e-16       0.000000000000e+00       0.000000000000e+00       0.000000000000e+00 
  358       2.860845496441e-13       1.454230214262e-15       8.049612784081e-15       8.668409619941e-16       0.000000000000e+00       0.000000000000e+00       0.000000000000e+00 
  359       2.875347871043e-13       1.429715342140e-15       7.821879829498e-15       8.643316612883e-16       0.000000000000e+00       0.000000000000e+00       0.000000000000e+00 
  360       2.888800118005e-13       1.405995154452e-15       7.587325832709e-15       8.620444569373e-16       0.000000000000e+00       0.000000000000e+00       0.000000000000e+00 
  361       2.901147013432e-13       1.383095096865e-15       7.346580616686e-15       8.599706878904e-16       0.000000000000e+00       0.000000000000e+00       0.000000000000e+00 
  362       2.912332409814e-13       1.361040897912e-15       7.100289324760e-15       8.581014282491e-16       0.000000000000e+00       0.000000000000e+00       0.000000000000e+00 
  363       2.922299230328e-13       1.339858570225e-15       6.849112528916e-15       8.564274852521e-16       0.000000000000e+00       0.000000000000e+00       0.000000000000e+00 
  364       2.930989463156e-13       1.319574411761e-15       6.593726338091e-15       8.549393972613e-16       0.000000000000e+00       0.000000000000e+00       0.000000000000e+00 
  365       2.938344155787e-13       1.300215007035e-15       6.334822506464e-15       8.536274317478e-16       0.000000000000e+00       0.000000000000e+00       0.000000000000e+00 
  366       2.944303409329e-13       1.281807228346e-15       6.073108541759e-15       8.524815832767e-16       0.000000000000e+00       0.000000000000e+00       0.000000000000e+00 
  367       2.948806372820e-13       1.264378237010e-15       5.809307813535e-15       8.514915714937e-16       0.000000000000e+00       0.000000000000e+00       0.000000000000e+00 
  368       2.951791237530e-13       1.247955484583e-15       5.544159661484e-15       8.506468391105e-16       0.000000000000e+00       0.000000000000e+00       0.000000000000e+00 
  369       2.953195231278e-13       1.232566714099e-15       5.278419503724e-15       8.499365498899e-16       0.000000000000e+00       0.000000000000e+00       0.000000000000e+00 
  370       2.952954612735e-13       1.218239961291e-15       5.012858945099e-15       8.493495866324e-16       0.000000000000e+00       0.000000000000e+00       0.000000000000e+00 
  371       2.951020166964e-13       1.204996417888e-15       4.748162285851e-15       8.488757314993e-16       0.000000000000e+00       0.000000000000e+00       0.000000000000e+00 
  372       2.947404371919e-13       1.192828711196e-15       4.484611363149e-15       8.485092620037e-16       0.000000000000e+00       0.000000000000e+00       0.000000000000e+00 
  373       2.942136065048e-13       1.181721777632e-15       4.222388598869e-15       8.482454916768e-16       0.000000000000e+00       0.000000000000e+00       0.000000000000e+00 
  374       2.935245116310e-13       1.171659919038e-15       3.961679504959e-15       8.480795994403e-16       0.000000000000e+00       0.000000000000e+00       0.000000000000e+00 
  375       2.926762435956e-13       1.162626797703e-15       3.702672701654e-15       8.480066286197e-16       0.000000000000e+00       0.000000000000e+00       0.000000000000e+00 
  376       2.916719982323e-13       1.154605431386e-15       3.445559935694e-15       8.480214859579e-16       0.000000000000e+00       0.000000000000e+00       0.000000000000e+00 
  377       2.905150769618e-13       1.147578188339e-15       3.190536098539e-15       8.481189406293e-16       0.000000000000e+00       0.000000000000e+00       0.000000000000e+00 
  378       2.892088875706e-13       1.141526782329e-15       2.937799244587e-15       8.482936232533e-16       0.000000000000e+00       0.000000000000e+00       0.000000000000e+00 
  379       2.877569449895e-13       1.136432267661e-15       2.687550609390e-15       8.485400249079e-16       0.000000000000e+00       0.000000000000e+00       0.000000000000e+00 
  380       2.861628720725e-13       1.132275034205e-15       2.439994627873e-15       8.488524961437e-16       0.000000000000e+00       0.000000000000e+00       0.000000000000e+00 
  381       2.844304003756e-13       1.129034802412e-15       2.195338952548e-15       8.492252459971e-16       0.000000000000e+00       0.000000000000e+00       0.000000000000e+00 
  382       2.825633709353e-13       1.126690618341e-15       1.953794471731e-15       8.496523410047e-16       0.000000000000e+00       0.000000000000e+00       0.000000000000e+00 
  383       2.805657350472e-13       1.125220848684e-15       1.715575327760e-15       8.501277042165e-16       0.000000000000e+00       0.000000000000e+00       0.000000000000e+00 
  384       2.784415550453e-13       1.124603175783e-15       1.480898935211e-15       8.506451142097e-16       0.000000000000e+00       0.000000000000e+00       0.000000000000e+00 
  385       2.761950050799e-13       1.124814592658e-15       1.249985999117e-15       8.511982041026e-16       0.000000000000e+00       0.000000000000e+00       0.000000000000e+00 
  386       2.738303718971e-13       1.125831398027e-15       1.023060533179e-15       8.517804605680e-16       0.000000000000e+00       0.000000000000e+00       0.000000000000e+00 
  387       2.713520556169e-13       1.127629191332e-15       8.003498779894e-16       8.523852228471e-16       0.000000000000e+00       0.000000000000e+00       0.000000000000e+00 
  388       2.687645705121e-13       1.130182867759e-15       5.820847192446e-16       8.530056817634e-16       0.000000000000e+00       0.000000000000e+00       0.000000000000e+00 
  389       2.660725457873e-13       1.133466613261e-15       3.684991059630e-16       8.536348787360e-16       0.000000000000e+00       0.000000000000e+00       0.000000000000e+00 
  390       2.632807263571e-13       1.137453899582e-15       1.598304687019e-16       8.542657047935e-16       0.000000000000e+00       0.000000000000e+00       0.000000000000e+00 
  391       2.603939736253e-13       1.142117479282e-15      -4.368036222619e-17       8.548908995877e-16       0.000000000000e+00       0.000000000000e+00       0.000000000000e+00 
  392       2.574172662632e-13       1.147429380754e-15      -2.417891385366e-16       8.555030504075e-16       0.000000000000e+00       0.000000000000e+00       0.000000000000e+00 
  393       2.543557009886e-13       1.153360903254e-15      -4.342481757557e-16       8.560945911922e-16       0.000000000000e+00       0.000000000000e+00       0.000000000000e+00 
  394       2.512144933444e-13       1.159882611918e-15      -6.208063350043e-16       8.566578015455e-16       0.000000000000e+00       0.000000000000e+00       0.000000000000e+00 
  395       2.479989784772e-13       1.166964332790e-15      -8.012090047808e-16       8.571848057492e-16       0.000000000000e+00       0.000000000000e+00       0.000000000000e+00 
  396       2.447146119163e-13       1.174575147839e-15      -9.751980827446e-16       8.576675717768e-16       0.000000000000e+00       0.000000000000e+00       0.000000000000e+00 
  397       2.413669703521e-13       1.182683389989e-15      -1.142511957499e-15       8.580979103072e-16       0.000000000000e+00       0.000000000000e+00       0.000000000000e+00 
  398       2.379617524151e-13       1.191256638134e-15      -1.302885490375e-15       8.584674737387e-16       0.000000000000e+00       0.000000000000e+00       0.000000000000e+00 
  399       2.345047794543e-13       1.200261712170e-15      -1.456049997214e-15       8.587677552021e-16       0.000000000000e+00       0.000000000000e+00       0.000000000000e+00 
  400       2.310019963160e-13       1.209664668009e-15      -1.601733230152e-15       8.589900875751e-16       0.000000000000e+00       0.000000000000e+00       0.000000000000e+00 
  401       2.274594721229e-13       1.219430792607e-15      -1.739659359401e-15       8.591256424956e-16       0.000000000000e+00       0.000000000000e+00       0.000000000000e+00 
  402       2.238834010521e-13       1.229524598988e-15      -1.869548955035e-15       8.591654293753e-16       0.000000000000e+00       0.000000000000e+00       0.000000000000e+00 
  403       2.202801031145e-13       1.239909821261e-15      -1.991118968769e-15       8.591002944140e-16       0.000000000000e+00       0.000000000000e+00       0.000000000000e+00 
  404       2.166560249331e-13       1.250549409651e-15      -2.104082715749e-15       8.589209196124e-16       0.000000000000e+00       0.000000000000e+00       0.000000000000e+00 
  405       2.130177405217e-13       1.261405525514e-15      -2.208149856328e-15       8.586178217868e-16       0.000000000000e+00       0.000000000000e+00       0.000000000000e+00 
  406       2.093719520639e-13       1.272439536366e-15      -2.303026377854e-15       8.581813515820e-16       0.000000000000e+00       0.000000000000e+00       0.000000000000e+00 
  407       2.057254906916e-13       1.283612010902e-15      -2.388414576450e-15       8.576016924856e-16       0.000000000000e+00       0.000000000000e+00       0.000000000000e+00 
  408       2.020853172636e-13       1.294882714021e-15      -2.464013038801e-15       8.568688598411e-16       0.000000000000e+00       0.000000000000e+00       0.000000000000e+00 
  409       1.984585231448e-13       1.306210601848e-15      -2.529516623935e-15       8.559726998623e-16       0.000000000000e+00       0.000000000000e+00       0.000000000000e+00 
  410       1.948513714206e-13       1.317558716866e-15      -2.584696017933e-15       8.549049356454e-16       0.000000000000e+00       0.000000000000e+00       0.000000000000e+00 
  411       1.912663815392e-13       1.328909074485e-15      -2.629639539782e-15       8.536653870633e-16       0.000000000000e+00       0.000000000000e+00       0.000000000000e+00 
  412       1.877051429423e-13       1.340248293951e-15      -2.664519864122e-15       8.522559692326e-16       0.000000000000e+00       0.000000000000e+00       0.000000000000e+00 
  413       1.841692653962e-13       1.351562744388e-15      -2.689515260258e-15       8.506786658843e-16       0.000000000000e+00       0.000000000000e+00       0.000000000000e+00 
  414       1.806603790872e-13       1.362838543304e-15      -2.704809630606e-15       8.489355298352e-16       0.000000000000e+00       0.000000000000e+00       0.000000000000e+00 
  415       1.771801347176e-13       1.374061555108e-15      -2.710592549143e-15       8.470286834589e-16       0.000000000000e+00       0.000000000000e+00       0.000000000000e+00 
  416       1.737302036002e-13       1.385217389621e-15      -2.707059299858e-15       8.449603191579e-16       0.000000000000e+00       0.000000000000e+00       0.000000000000e+00 
  417       1.703122777544e-13       1.396291400585e-15      -2.694410915199e-15       8.427326998343e-16       0.000000000000e+00       0.000000000000e+00       0.000000000000e+00 
  418       1.669280700011e-13       1.407268684182e-15      -2.672854214522e-15       8.403481593618e-16       0.000000000000e+00       0.000000000000e+00       0.000000000000e+00 
  419       1.635793140586e-13       1.418134077542e-15      -2.642601842540e-15       8.378091030569e-16       0.000000000000e+00       0.000000000000e+00       0.000000000000e+00 
  420       1.602677646374e-13       1.428872157255e-15      -2.603872307774e-15       8.351180081501e-16       0.000000000000e+00       0.000000000000e+00       0.000000000000e+00 
  421       1.569951975358e-13       1.439467237886e-15      -2.556890021001e-15       8.322774242578e-16       0.000000000000e+00       0.000000000000e+00       0.000000000000e+00 
  422       1.537634097356e-13       1.449903370485e-15      -2.501885333701e-15       8.292899738534e-16       0.000000000000e+00       0.000000000000e+00       0.000000000000e+00 
  423       1.505742194969e-13       1.460164341102e-15      -2.439094576510e-15       8.261583527388e-16       0.000000000000e+00       0.000000000000e+00       0.000000000000e+00 
  424       1.474294664542e-13       1.470233669296e-15      -2.368760097663e-15       8.228853305157e-16       0.000000000000e+00       0.000000000000e+00       0.000000000000e+00 
  425       1.443310117109e-13       1.480094606651e-15      -2.291130301452e-15       8.194737510574e-16       0.000000000000e+00       0.000000000000e+00       0.000000000000e+00 
  426       1.412807379355e-13       1.489730135286e-15      -2.206459686665e-15       8.159265329798e-16       0.000000000000e+00       0.000000000000e+00       0.000000000000e+00 
  427       1.382805494565e-13       1.499122966368e-15      -2.115008885043e-15       8.122466701129e-16       0.000000000000e+00       0.000000000000e+00       0.000000000000e+00 
  428       1.353323723581e-13       1.508255538625e-15      -2.017044699726e-15       8.084372319726e-16       0.000000000000e+00       0.000000000000e+00       0.000000000000e+00 
  429       1.324381545750e-13       1.517110016858e-15      -1.912840143700e-15       8.045013642317e-16       0.000000000000e+00       0.000000000000e+00       0.000000000000e+00 
  430       1.295998659888e-13       1.525668290451e-15      -1.802674478250e-15       8.004422891915e-16       0.000000000000e+00       0.000000000000e+00       0.000000000000e+00 
  431       1.268194985221e-13       1.533911971890e-15      -1.686833251406e-15       7.962633062531e-16       0.000000000000e+00       0.000000000000e+00       0.000000000000e+00 
  432       1.240990662351e-13       1.541822395268e-15      -1.565608336394e-15       7.919677923891e-16       0.000000000000e+00       0.000000000000e+00       0.000000000000e+00 
  433       1.214406054201e-13       1.549380614802e-15      -1.439297970083e-15       7.875592026146e-16       0.000000000000e+00       0.000000000000e+00       0.000000000000e+00 
  434       1.188461746974e-13       1.556567403342e-15      -1.308206791435e-15       7.830410704592e-16       0.000000000000e+00       0.000000000000e+00       0.000000000000e+00 
  435       1.163178551104e-13       1.563363250888e-15      -1.172645879958e-15       7.784170084379e-16       0.000000000000e+00       0.000000000000e+00       0.000000000000e+00 
  436       1.138577502212e-13       1.569748363098e-15      -1.032932794146e-15       7.736907085226e-16       0.000000000000e+00       0.000000000000e+00       0.000000000000e+00 
  437       1.114679862056e-13       1.575702659803e-15      -8.893916099368e-16       7.688659426140e-16       0.000000000000e+00       0.000000000000e+00       0.000000000000e+00 
  438       1.091507119490e-13       1.581205773518e-15      -7.423529591570e-16       7.639465630123e-16       0.000000000000e+00       0.000000000000e+00       0.000000000000e+00 
  439       1.069080991414e-13       1.586237047956e-15      -5.921540679711e-16       7.589365028892e-16       0.000000000000e+00       0.000000000000e+00       0.000000000000e+00 
  440       1.047423423731e-13       1.590775536538e-15      -4.391387953314e-16       7.538397767592e-16       0.000000000000e+00       0.000000000000e+00       0.000000000000e+00 
  441       1.026556592296e-13       1.594800000908e-15      -2.836576714268e-16       7.486604809507e-16       0.000000000000e+00       0.000000000000e+00       0.000000000000e+00 
  442       1.006502903875e-13       1.598288909443e-15      -1.260679361317e-16       7.434027940779e-16       0.000000000000e+00       0.000000000000e+00       0.000000000000e+00 
  443       9.872849970949e-14       1.601220435767e-15       3.326642254486e-17       7.380709775118e-16       0.000000000000e+00       0.000000000000e+00       0.000000000000e+00 
  444       9.689257434005e-14       1.603572457265e-15       1.939746300102e-16       7.326693758521e-16       0.000000000000e+00       0.000000000000e+00       0.000000000000e+00 
  445       9.514482480059e-14       1.605322553590e-15       3.556790866388e-16       7.272024173980e-16       0.000000000000e+00       0.000000000000e+00       0.000000000000e+00 
  446       9.348758508493e-14       1.606448005181e-15       5.179953293236e-16       7.216746146201e-16       0.000000000000e+00       0.000000000000e+00       0.000000000000e+00 
  447       9.192321275469e-14       1.606925791773e-15       6.805319930264e-16       7.160905646320e-16       0.000000000000e+00       0.000000000000e+00       0.000000000000e+00 
  448       9.045408903465e-14       1.606732590909e-15       8.428907723296e-16       7.104549496609e-16       0.000000000000e+00       0.000000000000e+00       0.000000000000e+00 
  449       8.908194850825e-14       1.605850481290e-15       1.004715705412e-15       7.047722592502e-16       0.000000000000e+00       0.000000000000e+00       0.000000000000e+00 
  450       8.780584412382e-14       1.604284259080e-15       1.165842860471e-15       6.990459460051e-16       0.000000000000e+00       0.000000000000e+00       0.000000000000e+00 
  451       8.662411650374e-14       1.602044679198e-15       1.326155418961e-15       6.932792434460e-16       0.000000000000e+00       0.000000000000e+00       0.000000000000e+00 
  452       8.553505808908e-14       1.599142803036e-15       1.485534781950e-15       6.874754421135e-16       0.000000000000e+00       0.000000000000e+00       0.000000000000e+00 
  453       8.453691283682e-14       1.595590000360e-15       1.643860560957e-15       6.816378898746e-16       0.000000000000e+00       0.000000000000e+00       0.000000000000e+00 
  454       8.362787591708e-14       1.591397951210e-15       1.801010568802e-15       6.757699922289e-16       0.000000000000e+00       0.000000000000e+00       0.000000000000e+00 
  455       8.280609341031e-14       1.586578647798e-15       1.956860810448e-15       6.698752126145e-16       0.000000000000e+00       0.000000000000e+00       0.000000000000e+00 
  456       8.206966200458e-14       1.581144396413e-15       2.111285473844e-15       6.639570727146e-16       0.000000000000e+00       0.000000000000e+00       0.000000000000e+00 
  457       8.141662869273e-14       1.575107819320e-15       2.264156920772e-15       6.580191527633e-16       0.000000000000e+00       0.000000000000e+00       0.000000000000e+00 
  458       8.084499046965e-14       1.568481856660e-15       2.415345677688e-15       6.520650918520e-16       0.000000000000e+00       0.000000000000e+00       0.000000000000e+00 
  459       8.035269402948e-14       1.561279768350e-15       2.564720426568e-15       6.460985882351e-16       0.000000000000e+00       0.000000000000e+00       0.000000000000e+00 
  460       7.993763546280e-14       1.553515135983e-15       2.712147995751e-15       6.401233996369e-16       0.000000000000e+00       0.000000000000e+00       0.000000000000e+00 
  461       7.959765995393e-14       1.545201864735e-15       2.857493350786e-15       6.341433435571e-16       0.000000000000e+00       0.000000000000e+00       0.000000000000e+00 
  462       7.933056147808e-14       1.536354185254e-15       3.000619585272e-15       6.281622975774e-16       0.000000000000e+00       0.000000000000e+00       0.000000000000e+00 
  463       7.913408249863e-14       1.526986655572e-15       3.141387911705e-15       6.221841996671e-16       0.000000000000e+00       0.000000000000e+00       0.000000000000e+00 
  464       7.900591366429e-14       1.517114162998e-15       3.279657652322e-15       6.162130484900e-16       0.000000000000e+00       0.000000000000e+00       0.000000000000e+00 
  465       7.894369350639e-14       1.506751926023e-15       3.415286229943e-15       6.102529037100e-16       0.000000000000e+00       0.000000000000e+00       0.000000000000e+00 
  466       7.894500813607e-14       1.495915496218e-15       3.548129158818e-15       6.043078862974e-16       0.000000000000e+00       0.000000000000e+00       0.000000000000e+00 
  467       7.900739094148e-14       1.484620760135e-15       3.678040035470e-15       5.983821788351e-16       0.000000000000e+00       0.000000000000e+00       0.000000000000e+00 
  468       7.912832228507e-14       1.472883941208e-15       3.804870529537e-15       5.924800258250e-16       0.000000000000e+00       0.000000000000e+00       0.000000000000e+00 
  469       7.930522920074e-14       1.460721601654e-15       3.928470374621e-15       5.866057339934e-16       0.000000000000e+00       0.000000000000e+00       0.000000000000e+00 
  470       7.953548509111e-14       1.448150644374e-15       4.048687359128e-15       5.807636725982e-16       0.000000000000e+00       0.000000000000e+00       0.000000000000e+00 
  471       7.981640942472e-14       1.435188314851e-15       4.165367317113e-15       5.749582737341e-16       0.000000000000e+00       0.000000000000e+00       0.000000000000e+00 
  472       8.014526743328e-14       1.421852203053e-15       4.278354119125e-15       5.691940326393e-16       0.000000000000e+00       0.000000000000e+00       0.000000000000e+00 
  473       8.051926980886e-14       1.408160245333e-15       4.387489663051e-15       5.634755080017e-16       0.000000000000e+00       0.000000000000e+00       0.000000000000e+00 
  474       8.093557240113e-14       1.394130726329e-15       4.492613864960e-15       5.578073222646e-16       0.000000000000e+00       0.000000000000e+00       0.000000000000e+00 
  475       8.139127591459e-14       1.379782280867e-15       4.593564649947e-15       5.521941619335e-16       0.000000000000e+00       0.000000000000e+00       0.000000000000e+00 
  476       8.188342560578e-14       1.365133895856e-15       4.690177942977e-15       5.466407778815e-16       0.000000000000e+00       0.000000000000e+00       0.000000000000e+00 
  477       8.240901098051e-14       1.350204912196e-15       4.782287659729e-15       5.411519856561e-16       0.000000000000e+00       0.000000000000e+00       0.000000000000e+00 
  478       8.296496549109e-14       1.335015026671e-15       4.869725697443e-15       5.357326657851e-16       0.000000000000e+00       0.000000000000e+00       0.000000000000e+00 
  479       8.354816623354e-14       1.319584293857e-15       4.952321925758e-15       5.303877640826e-16       0.000000000000e+00       0.000000000000e+00       0.000000000000e+00 
  480       8.415543364480e-14       1.303933128016e-15       5.029904177564e-15       5.251222919557e-16       0.000000000000e+00       0.000000000000e+00       0.000000000000e+00 
  481       8.478353120000e-14       1.288082305001e-15       5.102298239838e-15       5.199413267099e-16       0.000000000000e+00       0.000000000000e+00       0.000000000000e+00 
  482       8.542916510964e-14       1.272052964155e-15       5.169327844495e-15       5.148500118558e-16       0.000000000000e+00       0.000000000000e+00       0.000000000000e+00 
  483       8.608898401684e-14       1.255866610211e-15       5.230814659229e-15       5.098535574151e-16       0.000000000000e+00       0.000000000000e+00       0.000000000000e+00 
  484       8.675957869454e-14       1.239545115194e-15       5.286578278356e-15       5.049572402267e-16       0.000000000000e+00       0.000000000000e+00       0.000000000000e+00 
  485       8.743748174274e-14       1.223110720320e-15       5.336436213661e-15       5.001664042531e-16       0.000000000000e+00       0.000000000000e+00       0.000000000000e+00 
  486       8.811916728571e-14       1.206586037897e-15       5.380203885240e-15       4.954864608861e-16       0.000000000000e+00       0.000000000000e+00       0.000000000000e+00 
  487       8.880105066924e-14       1.189994053229e-15       5.417694612347e-15       4.909228892534e-16       0.000000000000e+00       0.000000000000e+00       0.000000000000e+00 
  488       8.947995331749e-14       1.173356097750e-15       5.448770519615e-15       4.864801272714e-16       0.000000000000e+00       0.000000000000e+00       0.000000000000e+00 
  489       9.015451316046e-14       1.156685698139e-15       5.473496943401e-15       4.821582078233e-16       0.000000000000e+00       0.000000000000e+00       0.000000000000e+00 
  490       9.082381564683e-14       1.139994547630e-15       5.491992609384e-15       4.779560229277e-16       0.000000000000e+00       0.000000000000e+00       0.000000000000e+00 
  491       9.148693231660e-14       1.123294519074e-15       5.504379149694e-15       4.738724236758e-16       0.000000000000e+00       0.000000000000e+00       0.000000000000e+00 
  492       9.214292073217e-14       1.106597665819e-15       5.510781119352e-15       4.699062199796e-16       0.000000000000e+00       0.000000000000e+00       0.000000000000e+00 
  493       9.279082440951e-14       1.089916222591e-15       5.511326012727e-15       4.660561803205e-16       0.000000000000e+00       0.000000000000e+00       0.000000000000e+00 
  494       9.342967274928e-14       1.073262606374e-15       5.506144279975e-15       4.623210314974e-16       0.000000000000e+00       0.000000000000e+00       0.000000000000e+00 
  495       9.405848096797e-14       1.056649417289e-15       5.495369343494e-15       4.586994583754e-16       0.000000000000e+00       0.000000000000e+00       0.000000000000e+00 
  496       9.467625002903e-14       1.040089439479e-15       5.479137614369e-15       4.551901036336e-16       0.000000000000e+00       0.000000000000e+00       0.000000000000e+00 
  497       9.528196657401e-14       1.023595641985e-15       5.457588508818e-15       4.517915675140e-16       0.000000000000e+00       0.000000000000e+00       0.000000000000e+00 
  498       9.587460285371e-14       1.007181179625e-15       5.430864464642e-15       4.485024075695e-16       0.000000000000e+00       0.000000000000e+00       0.000000000000e+00 
  499       9.645311665930e-14       9.908593938798e-16       5.399110957674e-15       4.453211384125e-16       0.000000000000e+00       0.000000000000e+00       0.000000000000e+00 
  500       9.701645125346e-14       9.746438137707e-16       5.362476518222e-15       4.422462314629e-16       0.000000000000e+00       0.000000000000e+00       0.000000000000e+00 
