# dimensionless [l(l+1)/2pi] C_l's for tensor mode
# for l=2 to 500, i.e. number of multipoles equal to 499
#
# -> if you prefer output in CAMB/HealPix/LensPix units/order, set 'format' to 'camb' in input file
# -> if you don't want to see such a header, set 'headers' to 'no' in input file
# -> for CMB lensing (phi), these are C_l^phi-phi for the lensing potential.
#    Remember the conversion factors:
#    C_l^dd (deflection) = l(l+1) C_l^phi-phi
#    C_l^gg (shear/convergence) = 1/4 (l(l+1))^2 C_l^phi-phi
#
# 1:l     2:TT                     3:EE                     4:TE                     5:BB                     6:phiphi                 7:TPhi                   8:Ephi               
    2       1.455609166271e-10       1.997207129062e-15       1.811906882015e-13       3.677305333884e-15       0.000000000000e+00       0.000000000000e+00       0.000000000000e+00 
    3       1.095765089815e-10       1.951369341969e-15       1.998087499132e-14       3.535490693654e-15       0.000000000000e+00       0.000000000000e+00       0.000000000000e+00 
    4       9.800164063752e-11       1.673603261817e-15      -2.634338756882e-14       2.939512396879e-15       0.000000000000e+00       0.000000000000e+00       0.000000000000e+00 
    5       9.334452010391e-11       1.251659724533e-15      -3.740829329628e-14       2.202753003439e-15       0.000000000000e+00       0.000000000000e+00       0.000000000000e+00 
    6       9.068015223237e-11       8.574357113179e-16      -3.738510509586e-14       1.537653676294e-15       0.000000000000e+00       0.000000000000e+00       0.000000000000e+00 
    7       8.903331067965e-11       5.870696691191e-16      -3.469689049753e-14       1.043351174776e-15       0.000000000000e+00       0.000000000000e+00       0.000000000000e+00 
    8       8.792941156460e-11       4.582057810195e-16      -3.265398354094e-14       7.361207658588e-16       0.000000000000e+00       0.000000000000e+00       0.000000000000e+00 
    9       8.712625486904e-11       4.423424360697e-16      -3.223386312103e-14       5.880015496334e-16       0.000000000000e+00       0.000000000000e+00       0.000000000000e+00 
   10       8.649151144507e-11       4.984211036855e-16      -3.345561204630e-14       5.555385765259e-16       0.000000000000e+00       0.000000000000e+00       0.000000000000e+00 
   11       8.594822787192e-11       5.920981498273e-16      -3.603103669557e-14       5.978682810614e-16       0.000000000000e+00       0.000000000000e+00       0.000000000000e+00 
   12       8.545010989210e-11       7.028342883654e-16      -3.964952551540e-14       6.836636945992e-16       0.000000000000e+00       0.000000000000e+00       0.000000000000e+00 
   13       8.496924831237e-11       8.216357668059e-16      -4.407024333476e-14       7.926412377626e-16       0.000000000000e+00       0.000000000000e+00       0.000000000000e+00 
   14       8.448912336519e-11       9.457724489115e-16      -4.913185769054e-14       9.139880162298e-16       0.000000000000e+00       0.000000000000e+00       0.000000000000e+00 
   15       8.400018475906e-11       1.075970809093e-15      -5.473620377872e-14       1.042021811437e-15       0.000000000000e+00       0.000000000000e+00       0.000000000000e+00 
   16       8.349720858842e-11       1.211984370460e-15      -6.083150464952e-14       1.175643048794e-15       0.000000000000e+00       0.000000000000e+00       0.000000000000e+00 
   17       8.297765624759e-11       1.354730591102e-15      -6.739062331042e-14       1.313585477135e-15       0.000000000000e+00       0.000000000000e+00       0.000000000000e+00 
   18       8.243457029577e-11       1.503443324395e-15      -7.438660310412e-14       1.456282851544e-15       0.000000000000e+00       0.000000000000e+00       0.000000000000e+00 
   19       8.188584344599e-11       1.657675733840e-15      -8.180232748948e-14       1.603692100612e-15       0.000000000000e+00       0.000000000000e+00       0.000000000000e+00 
   20       8.131241807872e-11       1.817334503060e-15      -8.961337597741e-14       1.755496775285e-15       0.000000000000e+00       0.000000000000e+00       0.000000000000e+00 
   21       8.072505108500e-11       1.982260443572e-15      -9.779549747273e-14       1.911536958361e-15       0.000000000000e+00       0.000000000000e+00       0.000000000000e+00 
   22       8.011826531132e-11       2.152330559177e-15      -1.063187043137e-13       2.071746012306e-15       0.000000000000e+00       0.000000000000e+00       0.000000000000e+00 
   23       7.949959612278e-11       2.327561630856e-15      -1.151582960797e-13       2.235973168405e-15       0.000000000000e+00       0.000000000000e+00       0.000000000000e+00 
   24       7.886291792967e-11       2.508041255371e-15      -1.242870082114e-13       2.404040251307e-15       0.000000000000e+00       0.000000000000e+00       0.000000000000e+00 
   25       7.821415522141e-11       2.693737343712e-15      -1.336760398201e-13       2.575643270743e-15       0.000000000000e+00       0.000000000000e+00       0.000000000000e+00 
   26       7.754990915850e-11       2.884564620484e-15      -1.432946574540e-13       2.750451951268e-15       0.000000000000e+00       0.000000000000e+00       0.000000000000e+00 
   27       7.687262020944e-11       3.080300625577e-15      -1.531202104597e-13       2.928228744280e-15       0.000000000000e+00       0.000000000000e+00       0.000000000000e+00 
   28       7.617821628826e-11       3.280665297606e-15      -1.631312927568e-13       3.108768003995e-15       0.000000000000e+00       0.000000000000e+00       0.000000000000e+00 
   29       7.547456695180e-11       3.485388851639e-15      -1.733046120528e-13       3.291824719456e-15       0.000000000000e+00       0.000000000000e+00       0.000000000000e+00 
   30       7.476248767420e-11       3.694185020628e-15      -1.836150161494e-13       3.477146120268e-15       0.000000000000e+00       0.000000000000e+00       0.000000000000e+00 
   31       7.403366336976e-11       3.906756307407e-15      -1.940368310734e-13       3.664478130393e-15       0.000000000000e+00       0.000000000000e+00       0.000000000000e+00 
   32       7.329328916680e-11       4.122854223548e-15      -2.045486279686e-13       3.853541377434e-15       0.000000000000e+00       0.000000000000e+00       0.000000000000e+00 
   33       7.254362809543e-11       4.342240271097e-15      -2.151303040825e-13       4.044045908636e-15       0.000000000000e+00       0.000000000000e+00       0.000000000000e+00 
   34       7.178080418381e-11       4.564680897641e-15      -2.257615971815e-13       4.235707228244e-15       0.000000000000e+00       0.000000000000e+00       0.000000000000e+00 
   35       7.100811670722e-11       4.789985298933e-15      -2.364209598686e-13       4.428281621668e-15       0.000000000000e+00       0.000000000000e+00       0.000000000000e+00 
   36       7.022587693032e-11       5.017981579740e-15      -2.470863674530e-13       4.621543902718e-15       0.000000000000e+00       0.000000000000e+00       0.000000000000e+00 
   37       6.943051912025e-11       5.248496674366e-15      -2.577360800063e-13       4.815274677544e-15       0.000000000000e+00       0.000000000000e+00       0.000000000000e+00 
   38       6.862628264769e-11       5.481319188265e-15      -2.683501155619e-13       5.009246262579e-15       0.000000000000e+00       0.000000000000e+00       0.000000000000e+00 
   39       6.781637947036e-11       5.716224451650e-15      -2.789093653316e-13       5.203232860435e-15       0.000000000000e+00       0.000000000000e+00       0.000000000000e+00 
   40       6.699923462312e-11       5.952984188864e-15      -2.893952920208e-13       5.397014737112e-15       0.000000000000e+00       0.000000000000e+00       0.000000000000e+00 
   41       6.617083500447e-11       6.191367186675e-15      -2.997895019130e-13       5.590367309355e-15       0.000000000000e+00       0.000000000000e+00       0.000000000000e+00 
   42       6.533388337336e-11       6.431142087033e-15      -3.100721192477e-13       5.783023381071e-15       0.000000000000e+00       0.000000000000e+00       0.000000000000e+00 
   43       6.449079245142e-11       6.672075135019e-15      -3.202230047144e-13       5.974699140939e-15       0.000000000000e+00       0.000000000000e+00       0.000000000000e+00 
   44       6.364080579998e-11       6.913929215090e-15      -3.302222476411e-13       6.165103877237e-15       0.000000000000e+00       0.000000000000e+00       0.000000000000e+00 
   45       6.278171312744e-11       7.156464239758e-15      -3.400506697988e-13       6.353955066179e-15       0.000000000000e+00       0.000000000000e+00       0.000000000000e+00 
   46       6.191631250311e-11       7.399438827339e-15      -3.496914258550e-13       6.541030089759e-15       0.000000000000e+00       0.000000000000e+00       0.000000000000e+00 
   47       6.104737135025e-11       7.642608856431e-15      -3.591289467718e-13       6.726129204433e-15       0.000000000000e+00       0.000000000000e+00       0.000000000000e+00 
   48       6.017560147159e-11       7.885726838889e-15      -3.683485795171e-13       6.909061767584e-15       0.000000000000e+00       0.000000000000e+00       0.000000000000e+00 
   49       5.929947598362e-11       8.128541792982e-15      -3.773366523007e-13       7.089646677073e-15       0.000000000000e+00       0.000000000000e+00       0.000000000000e+00 
   50       5.841663537593e-11       8.370810919657e-15      -3.860809921546e-13       7.267707590966e-15       0.000000000000e+00       0.000000000000e+00       0.000000000000e+00 
   51       5.752898034095e-11       8.612338662008e-15      -3.945724919545e-13       7.443056037262e-15       0.000000000000e+00       0.000000000000e+00       0.000000000000e+00 
   52       5.663864489489e-11       8.852948028806e-15      -4.028040815129e-13       7.615504479282e-15       0.000000000000e+00       0.000000000000e+00       0.000000000000e+00 
   53       5.574642236011e-11       9.092470136465e-15      -4.107703968799e-13       7.784871324095e-15       0.000000000000e+00       0.000000000000e+00       0.000000000000e+00 
   54       5.485165708171e-11       9.330744637648e-15      -4.184678668661e-13       7.950981116429e-15       0.000000000000e+00       0.000000000000e+00       0.000000000000e+00 
   55       5.395319903775e-11       9.567613730333e-15      -4.258931691839e-13       8.113667556753e-15       0.000000000000e+00       0.000000000000e+00       0.000000000000e+00 
   56       5.305279344198e-11       9.802901460339e-15      -4.330379515316e-13       8.272782989282e-15       0.000000000000e+00       0.000000000000e+00       0.000000000000e+00 
   57       5.215234352430e-11       1.003643002783e-14      -4.398929506646e-13       8.428191610646e-15       0.000000000000e+00       0.000000000000e+00       0.000000000000e+00 
   58       5.125285599603e-11       1.026802593095e-14      -4.464495303811e-13       8.579767149553e-15       0.000000000000e+00       0.000000000000e+00       0.000000000000e+00 
   59       5.035437417790e-11       1.049752014434e-14      -4.526997045231e-13       8.727393170731e-15       0.000000000000e+00       0.000000000000e+00       0.000000000000e+00 
   60       4.945591112816e-11       1.072474829758e-14      -4.586361599781e-13       8.870963378876e-15       0.000000000000e+00       0.000000000000e+00       0.000000000000e+00 
   61       4.855626898695e-11       1.094954898977e-14      -4.642523458384e-13       9.010377486556e-15       0.000000000000e+00       0.000000000000e+00       0.000000000000e+00 
   62       4.765686320382e-11       1.117175788721e-14      -4.695427122294e-13       9.145527046510e-15       0.000000000000e+00       0.000000000000e+00       0.000000000000e+00 
   63       4.675941645791e-11       1.139121261157e-14      -4.745025661491e-13       9.276306964135e-15       0.000000000000e+00       0.000000000000e+00       0.000000000000e+00 
   64       4.586509039521e-11       1.160775460392e-14      -4.791280346439e-13       9.402619812865e-15       0.000000000000e+00       0.000000000000e+00       0.000000000000e+00 
   65       4.497444687554e-11       1.182122924407e-14      -4.834160899086e-13       9.524375997361e-15       0.000000000000e+00       0.000000000000e+00       0.000000000000e+00 
   66       4.408740921961e-11       1.203148596993e-14      -4.873645743872e-13       9.641493916700e-15       0.000000000000e+00       0.000000000000e+00       0.000000000000e+00 
   67       4.320322345598e-11       1.223837839683e-14      -4.909722258736e-13       9.753900127570e-15       0.000000000000e+00       0.000000000000e+00       0.000000000000e+00 
   68       4.232106418925e-11       1.244176099939e-14      -4.942383281630e-13       9.861526085202e-15       0.000000000000e+00       0.000000000000e+00       0.000000000000e+00 
   69       4.144208138594e-11       1.264147810961e-14      -4.971615247026e-13       9.964297234569e-15       0.000000000000e+00       0.000000000000e+00       0.000000000000e+00 
   70       4.056770060933e-11       1.283737289366e-14      -4.997408085426e-13       1.006214199179e-14       0.000000000000e+00       0.000000000000e+00       0.000000000000e+00 
   71       3.969899322638e-11       1.302929062295e-14      -5.019758907608e-13       1.015499504510e-14       0.000000000000e+00       0.000000000000e+00       0.000000000000e+00 
   72       3.883665414124e-11       1.321707870565e-14      -5.038672159864e-13       1.024279743054e-14       0.000000000000e+00       0.000000000000e+00       0.000000000000e+00 
   73       3.798097952871e-11       1.340058671801e-14      -5.054159779237e-13       1.032549660761e-14       0.000000000000e+00       0.000000000000e+00       0.000000000000e+00 
   74       3.713184456777e-11       1.357966643589e-14      -5.066241348760e-13       1.040304653493e-14       0.000000000000e+00       0.000000000000e+00       0.000000000000e+00 
   75       3.628868117507e-11       1.375417186612e-14      -5.074944252693e-13       1.047540774591e-14       0.000000000000e+00       0.000000000000e+00       0.000000000000e+00 
   76       3.545090269427e-11       1.392396437502e-14      -5.080300559357e-13       1.054254886820e-14       0.000000000000e+00       0.000000000000e+00       0.000000000000e+00 
   77       3.461931659332e-11       1.408892908404e-14      -5.082336670237e-13       1.060445133457e-14       0.000000000000e+00       0.000000000000e+00       0.000000000000e+00 
   78       3.379493012247e-11       1.424896153493e-14      -5.081082056608e-13       1.066110567255e-14       0.000000000000e+00       0.000000000000e+00       0.000000000000e+00 
   79       3.297851332281e-11       1.440396299168e-14      -5.076572451199e-13       1.071251024043e-14       0.000000000000e+00       0.000000000000e+00       0.000000000000e+00 
   80       3.217058592494e-11       1.455384057646e-14      -5.068849936325e-13       1.075867133251e-14       0.000000000000e+00       0.000000000000e+00       0.000000000000e+00 
   81       3.137140424767e-11       1.469850740558e-14      -5.057963032023e-13       1.079960328440e-14       0.000000000000e+00       0.000000000000e+00       0.000000000000e+00 
   82       3.058094809670e-11       1.483788272543e-14      -5.043966784185e-13       1.083532857826e-14       0.000000000000e+00       0.000000000000e+00       0.000000000000e+00 
   83       2.979890766329e-11       1.497189204845e-14      -5.026922852695e-13       1.086587794810e-14       0.000000000000e+00       0.000000000000e+00       0.000000000000e+00 
   84       2.902496764379e-11       1.510046408040e-14      -5.006895642533e-13       1.089128636741e-14       0.000000000000e+00       0.000000000000e+00       0.000000000000e+00 
   85       2.825974241422e-11       1.522352061925e-14      -4.983939767106e-13       1.091158001724e-14       0.000000000000e+00       0.000000000000e+00       0.000000000000e+00 
   86       2.750397258803e-11       1.534098522324e-14      -4.958110658534e-13       1.092678734064e-14       0.000000000000e+00       0.000000000000e+00       0.000000000000e+00 
   87       2.675823359287e-11       1.545278635143e-14      -4.929468361197e-13       1.093694300378e-14       0.000000000000e+00       0.000000000000e+00       0.000000000000e+00 
   88       2.602292756461e-11       1.555885744573e-14      -4.898077553371e-13       1.094208793201e-14       0.000000000000e+00       0.000000000000e+00       0.000000000000e+00 
   89       2.529827524129e-11       1.565913701292e-14      -4.864007568851e-13       1.094226934591e-14       0.000000000000e+00       0.000000000000e+00       0.000000000000e+00 
   90       2.458430785715e-11       1.575356870668e-14      -4.827332418588e-13       1.093754079736e-14       0.000000000000e+00       0.000000000000e+00       0.000000000000e+00 
   91       2.388085903659e-11       1.584210140959e-14      -4.788130812311e-13       1.092796220565e-14       0.000000000000e+00       0.000000000000e+00       0.000000000000e+00 
   92       2.318755668819e-11       1.592468931520e-14      -4.746486180163e-13       1.091359989346e-14       0.000000000000e+00       0.000000000000e+00       0.000000000000e+00 
   93       2.250405888681e-11       1.600129208655e-14      -4.702482959066e-13       1.089452404625e-14       0.000000000000e+00       0.000000000000e+00       0.000000000000e+00 
   94       2.183081970842e-11       1.607187518103e-14      -4.656194765928e-13       1.087080057460e-14       0.000000000000e+00       0.000000000000e+00       0.000000000000e+00 
   95       2.116842412560e-11       1.613640972627e-14      -4.607694477398e-13       1.084249808892e-14       0.000000000000e+00       0.000000000000e+00       0.000000000000e+00 
   96       2.051734958930e-11       1.619487252991e-14      -4.557057777398e-13       1.080969036787e-14       0.000000000000e+00       0.000000000000e+00       0.000000000000e+00 
   97       1.987796127201e-11       1.624724616268e-14      -4.504363127473e-13       1.077245635905e-14       0.000000000000e+00       0.000000000000e+00       0.000000000000e+00 
   98       1.925050731091e-11       1.629351904147e-14      -4.449691737153e-13       1.073088017968e-14       0.000000000000e+00       0.000000000000e+00       0.000000000000e+00 
   99       1.863511405107e-11       1.633368551240e-14      -4.393127534309e-13       1.068505111733e-14       0.000000000000e+00       0.000000000000e+00       0.000000000000e+00 
  100       1.803178128861e-11       1.636774593389e-14      -4.334757135503e-13       1.063506363058e-14       0.000000000000e+00       0.000000000000e+00       0.000000000000e+00 
  101       1.744037751390e-11       1.639570675974e-14      -4.274669816353e-13       1.058101734973e-14       0.000000000000e+00       0.000000000000e+00       0.000000000000e+00 
  102       1.686063515472e-11       1.641758062221e-14      -4.212957481885e-13       1.052301707753e-14       0.000000000000e+00       0.000000000000e+00       0.000000000000e+00 
  103       1.629214581944e-11       1.643338641507e-14      -4.149714636888e-13       1.046117278980e-14       0.000000000000e+00       0.000000000000e+00       0.000000000000e+00 
  104       1.573454072246e-11       1.644314716184e-14      -4.085034949621e-13       1.039559578224e-14       0.000000000000e+00       0.000000000000e+00       0.000000000000e+00 
  105       1.518806996367e-11       1.644688311340e-14      -4.019000478101e-13       1.032638651628e-14       0.000000000000e+00       0.000000000000e+00       0.000000000000e+00 
  106       1.465309299741e-11       1.644461786850e-14      -3.951690926404e-13       1.025364512503e-14       0.000000000000e+00       0.000000000000e+00       0.000000000000e+00 
  107       1.412989774900e-11       1.643638056338e-14      -3.883186855083e-13       1.017747507944e-14       0.000000000000e+00       0.000000000000e+00       0.000000000000e+00 
  108       1.361869789291e-11       1.642220593050e-14      -3.813569614092e-13       1.009798314665e-14       0.000000000000e+00       0.000000000000e+00       0.000000000000e+00 
  109       1.311963013089e-11       1.640213435728e-14      -3.742921275704e-13       1.001527934839e-14       0.000000000000e+00       0.000000000000e+00       0.000000000000e+00 
  110       1.263275147011e-11       1.637621194484e-14      -3.671324567433e-13       9.929476919226e-15       0.000000000000e+00       0.000000000000e+00       0.000000000000e+00 
  111       1.215803650133e-11       1.634449056674e-14      -3.598862804955e-13       9.840692265005e-15       0.000000000000e+00       0.000000000000e+00       0.000000000000e+00 
  112       1.169537467701e-11       1.630702792769e-14      -3.525619825028e-13       9.749044921135e-15       0.000000000000e+00       0.000000000000e+00       0.000000000000e+00 
  113       1.124456758952e-11       1.626388762229e-14      -3.451679918411e-13       9.654657510955e-15       0.000000000000e+00       0.000000000000e+00       0.000000000000e+00 
  114       1.080532624921e-11       1.621513919378e-14      -3.377127762790e-13       9.557655704076e-15       0.000000000000e+00       0.000000000000e+00       0.000000000000e+00 
  115       1.037726836263e-11       1.616085819279e-14      -3.302048355692e-13       9.458168174725e-15       0.000000000000e+00       0.000000000000e+00       0.000000000000e+00 
  116       9.960045369878e-12       1.610112322213e-14      -3.226525200189e-13       9.356323098178e-15       0.000000000000e+00       0.000000000000e+00       0.000000000000e+00 
  117       9.553746898492e-12       1.603600653828e-14      -3.150634755163e-13       9.252237245856e-15       0.000000000000e+00       0.000000000000e+00       0.000000000000e+00 
  118       9.158540601191e-12       1.596558241220e-14      -3.074451181190e-13       9.146025480007e-15       0.000000000000e+00       0.000000000000e+00       0.000000000000e+00 
  119       8.774545239165e-12       1.588993007274e-14      -2.998047945760e-13       9.037804025504e-15       0.000000000000e+00       0.000000000000e+00       0.000000000000e+00 
  120       8.401829107507e-12       1.580913373870e-14      -2.921497740742e-13       8.927690397584e-15       0.000000000000e+00       0.000000000000e+00       0.000000000000e+00 
  121       8.040408460666e-12       1.572328265093e-14      -2.844872399864e-13       8.815803329584e-15       0.000000000000e+00       0.000000000000e+00       0.000000000000e+00 
  122       7.690245937882e-12       1.563247110443e-14      -2.768242816182e-13       8.702262700674e-15       0.000000000000e+00       0.000000000000e+00       0.000000000000e+00 
  123       7.351248988638e-12       1.553679848041e-14      -2.691678859550e-13       8.587189463596e-15       0.000000000000e+00       0.000000000000e+00       0.000000000000e+00 
  124       7.023268298098e-12       1.543636927837e-14      -2.615249294098e-13       8.470705572396e-15       0.000000000000e+00       0.000000000000e+00       0.000000000000e+00 
  125       6.706096212555e-12       1.533129314824e-14      -2.539021695695e-13       8.352933910164e-15       0.000000000000e+00       0.000000000000e+00       0.000000000000e+00 
  126       6.399465164871e-12       1.522168492240e-14      -2.463062369433e-13       8.233998216765e-15       0.000000000000e+00       0.000000000000e+00       0.000000000000e+00 
  127       6.103046099926e-12       1.510766464782e-14      -2.387436267089e-13       8.114023016579e-15       0.000000000000e+00       0.000000000000e+00       0.000000000000e+00 
  128       5.816446900057e-12       1.498935761808e-14      -2.312206904603e-13       7.993133546234e-15       0.000000000000e+00       0.000000000000e+00       0.000000000000e+00 
  129       5.539309418537e-12       1.486688998850e-14      -2.237436033028e-13       7.871452829232e-15       0.000000000000e+00       0.000000000000e+00       0.000000000000e+00 
  130       5.271615959559e-12       1.474037500910e-14      -2.163182785870e-13       7.749092690484e-15       0.000000000000e+00       0.000000000000e+00       0.000000000000e+00 
  131       5.013413600408e-12       1.460992533496e-14      -2.089504281813e-13       7.626161614906e-15       0.000000000000e+00       0.000000000000e+00       0.000000000000e+00 
  132       4.764717736807e-12       1.447565730834e-14      -2.016455779398e-13       7.502767420403e-15       0.000000000000e+00       0.000000000000e+00       0.000000000000e+00 
  133       4.525511213968e-12       1.433769095917e-14      -1.944090592721e-13       7.379017165183e-15       0.000000000000e+00       0.000000000000e+00       0.000000000000e+00 
  134       4.295743457635e-12       1.419615000555e-14      -1.872460007150e-13       7.255017055085e-15       0.000000000000e+00       0.000000000000e+00       0.000000000000e+00 
  135       4.075329605133e-12       1.405116185420e-14      -1.801613195031e-13       7.130872350892e-15       0.000000000000e+00       0.000000000000e+00       0.000000000000e+00 
  136       3.864149636416e-12       1.390285760094e-14      -1.731597131392e-13       7.006687275655e-15       0.000000000000e+00       0.000000000000e+00       0.000000000000e+00 
  137       3.662047505112e-12       1.375137203119e-14      -1.662456509657e-13       6.882564922012e-15       0.000000000000e+00       0.000000000000e+00       0.000000000000e+00 
  138       3.468830269570e-12       1.359684362044e-14      -1.594233657351e-13       6.758607159504e-15       0.000000000000e+00       0.000000000000e+00       0.000000000000e+00 
  139       3.284267223912e-12       1.343941453472e-14      -1.526968451808e-13       6.634914541902e-15       0.000000000000e+00       0.000000000000e+00       0.000000000000e+00 
  140       3.108089029071e-12       1.327923063111e-14      -1.460698235881e-13       6.511586214522e-15       0.000000000000e+00       0.000000000000e+00       0.000000000000e+00 
  141       2.939986843847e-12       1.311644145816e-14      -1.395457733649e-13       6.388719821545e-15       0.000000000000e+00       0.000000000000e+00       0.000000000000e+00 
  142       2.779611455949e-12       1.295120025645e-14      -1.331278966125e-13       6.266411413338e-15       0.000000000000e+00       0.000000000000e+00       0.000000000000e+00 
  143       2.626572413044e-12       1.278366395900e-14      -1.268191166966e-13       6.144755353774e-15       0.000000000000e+00       0.000000000000e+00       0.000000000000e+00 
  144       2.480513327629e-12       1.261398741131e-14      -1.206222714206e-13       6.023843308955e-15       0.000000000000e+00       0.000000000000e+00       0.000000000000e+00 
  145       2.341347993324e-12       1.244230538822e-14      -1.145407318051e-13       5.903761296674e-15       0.000000000000e+00       0.000000000000e+00       0.000000000000e+00 
  146       2.209046003011e-12       1.226874879681e-14      -1.085778285721e-13       5.784592168535e-15       0.000000000000e+00       0.000000000000e+00       0.000000000000e+00 
  147       2.083558237888e-12       1.209345026519e-14      -1.027366488146e-13       5.666416405339e-15       0.000000000000e+00       0.000000000000e+00       0.000000000000e+00 
  148       1.964816436293e-12       1.191654410981e-14      -9.702002872513e-14       5.549312019120e-15       0.000000000000e+00       0.000000000000e+00       0.000000000000e+00 
  149       1.852732762535e-12       1.173816630269e-14      -9.143054632609e-14       5.433354455189e-15       0.000000000000e+00       0.000000000000e+00       0.000000000000e+00 
  150       1.747199375719e-12       1.155845443867e-14      -8.597051419860e-14       5.318616494175e-15       0.000000000000e+00       0.000000000000e+00       0.000000000000e+00 
  151       1.648087998578e-12       1.137754770268e-14      -8.064197221219e-14       5.205168154064e-15       0.000000000000e+00       0.000000000000e+00       0.000000000000e+00 
  152       1.555249486294e-12       1.119558683700e-14      -7.544668025428e-14       5.093076592239e-15       0.000000000000e+00       0.000000000000e+00       0.000000000000e+00 
  153       1.468513395333e-12       1.101271410854e-14      -7.038611095955e-14       4.982406007523e-15       0.000000000000e+00       0.000000000000e+00       0.000000000000e+00 
  154       1.387687552265e-12       1.082907327602e-14      -6.546144243946e-14       4.873217542218e-15       0.000000000000e+00       0.000000000000e+00       0.000000000000e+00 
  155       1.312557622599e-12       1.064480955735e-14      -6.067355101169e-14       4.765569184145e-15       0.000000000000e+00       0.000000000000e+00       0.000000000000e+00 
  156       1.242886679607e-12       1.046006959676e-14      -5.602300392958e-14       4.659515668686e-15       0.000000000000e+00       0.000000000000e+00       0.000000000000e+00 
  157       1.178414773151e-12       1.027500143217e-14      -5.151005211160e-14       4.555108380824e-15       0.000000000000e+00       0.000000000000e+00       0.000000000000e+00 
  158       1.118858498512e-12       1.008975446236e-14      -4.713462287085e-14       4.452395257182e-15       0.000000000000e+00       0.000000000000e+00       0.000000000000e+00 
  159       1.063910565218e-12       9.904479414298e-15      -4.289631264442e-14       4.351420688067e-15       0.000000000000e+00       0.000000000000e+00       0.000000000000e+00 
  160       1.013239365871e-12       9.719328310343e-15      -3.879437972296e-14       4.252225419509e-15       0.000000000000e+00       0.000000000000e+00       0.000000000000e+00 
  161       9.665430416914e-13       9.534448660333e-15      -3.482815422866e-14       4.154848647775e-15       0.000000000000e+00       0.000000000000e+00       0.000000000000e+00 
  162       9.237179573144e-13       9.349965529254e-15      -3.099832405632e-14       4.059334716731e-15       0.000000000000e+00       0.000000000000e+00       0.000000000000e+00 
  163       8.847043699917e-13       9.165997813799e-15      -2.730574928578e-14       3.965726828291e-15       0.000000000000e+00       0.000000000000e+00       0.000000000000e+00 
  164       8.494330938531e-13       8.982663816111e-15      -2.375104985289e-14       3.874064816029e-15       0.000000000000e+00       0.000000000000e+00       0.000000000000e+00 
  165       8.178253194674e-13       8.800081184465e-15      -2.033460019873e-14       3.784385057318e-15       0.000000000000e+00       0.000000000000e+00       0.000000000000e+00 
  166       7.897924334022e-13       8.618366853961e-15      -1.705652391872e-14       3.696720385446e-15       0.000000000000e+00       0.000000000000e+00       0.000000000000e+00 
  167       7.652358377843e-13       8.437636987208e-15      -1.391668841183e-14       3.611100001754e-15       0.000000000000e+00       0.000000000000e+00       0.000000000000e+00 
  168       7.440467698599e-13       8.258006915015e-15      -1.091469952970e-14       3.527549387755e-15       0.000000000000e+00       0.000000000000e+00       0.000000000000e+00 
  169       7.261061215547e-13       8.079591077074e-15      -8.049896225865e-15       3.446090217270e-15       0.000000000000e+00       0.000000000000e+00       0.000000000000e+00 
  170       7.112842590344e-13       7.902502962651e-15      -5.321345204864e-15       3.366740268550e-15       0.000000000000e+00       0.000000000000e+00       0.000000000000e+00 
  171       6.994408422647e-13       7.726855051272e-15      -2.727835571443e-15       3.289513336407e-15       0.000000000000e+00       0.000000000000e+00       0.000000000000e+00 
  172       6.904246445714e-13       7.552758753411e-15      -2.678734797072e-16       3.214419144340e-15       0.000000000000e+00       0.000000000000e+00       0.000000000000e+00 
  173       6.840733722007e-13       7.380324351176e-15       2.060323217710e-15       3.141463256666e-15       0.000000000000e+00       0.000000000000e+00       0.000000000000e+00 
  174       6.802134838798e-13       7.209660938999e-15       4.258830320484e-15       3.070646990642e-15       0.000000000000e+00       0.000000000000e+00       0.000000000000e+00 
  175       6.786600103764e-13       7.040876364321e-15       6.330022631426e-15       3.001967328599e-15       0.000000000000e+00       0.000000000000e+00       0.000000000000e+00 
  176       6.792163740595e-13       6.874077168280e-15       8.276579307325e-15       2.935416830068e-15       0.000000000000e+00       0.000000000000e+00       0.000000000000e+00 
  177       6.816742084593e-13       6.709368526401e-15       1.010148920978e-14       2.870983543905e-15       0.000000000000e+00       0.000000000000e+00       0.000000000000e+00 
  178       6.858131778275e-13       6.546854189279e-15       1.180805625601e-14       2.808650920424e-15       0.000000000000e+00       0.000000000000e+00       0.000000000000e+00 
  179       6.914007966977e-13       6.386636423271e-15       1.339990476975e-14       2.748397723519e-15       0.000000000000e+00       0.000000000000e+00       0.000000000000e+00 
  180       6.982273887965e-13       6.228812292189e-15       1.488039994280e-14       2.690204259584e-15       0.000000000000e+00       0.000000000000e+00       0.000000000000e+00 
  181       7.062144481562e-13       6.073462295786e-15       1.625084652811e-14       2.634071801479e-15       0.000000000000e+00       0.000000000000e+00       0.000000000000e+00 
  182       7.153145649840e-13       5.920660712162e-15       1.751215690603e-14       2.580004543395e-15       0.000000000000e+00       0.000000000000e+00       0.000000000000e+00 
  183       7.254770097009e-13       5.770479103328e-15       1.866542628029e-14       2.528003358660e-15       0.000000000000e+00       0.000000000000e+00       0.000000000000e+00 
  184       7.366476819281e-13       5.622986242418e-15       1.971193587449e-14       2.478065735145e-15       0.000000000000e+00       0.000000000000e+00       0.000000000000e+00 
  185       7.487690594748e-13       5.478248040900e-15       2.065315612870e-14       2.430185710649e-15       0.000000000000e+00       0.000000000000e+00       0.000000000000e+00 
  186       7.617801473242e-13       5.336327475782e-15       2.149074989594e-14       2.384353808298e-15       0.000000000000e+00       0.000000000000e+00       0.000000000000e+00 
  187       7.756164266210e-13       5.197284516828e-15       2.222657563879e-14       2.340556971939e-15       0.000000000000e+00       0.000000000000e+00       0.000000000000e+00 
  188       7.902098036583e-13       5.061176053765e-15       2.286269062591e-14       2.298778501532e-15       0.000000000000e+00       0.000000000000e+00       0.000000000000e+00 
  189       8.054885588641e-13       4.928055823496e-15       2.340135412857e-14       2.258997988544e-15       0.000000000000e+00       0.000000000000e+00       0.000000000000e+00 
  190       8.213772957886e-13       4.797974337308e-15       2.384503061723e-14       2.221191251346e-15       0.000000000000e+00       0.000000000000e+00       0.000000000000e+00 
  191       8.377968900912e-13       4.670978808083e-15       2.419639295804e-14       2.185330270605e-15       0.000000000000e+00       0.000000000000e+00       0.000000000000e+00 
  192       8.546644385269e-13       4.547113077512e-15       2.445832560944e-14       2.151383124678e-15       0.000000000000e+00       0.000000000000e+00       0.000000000000e+00 
  193       8.718932079339e-13       4.426417543299e-15       2.463392781867e-14       2.119313925007e-15       0.000000000000e+00       0.000000000000e+00       0.000000000000e+00 
  194       8.893925842201e-13       4.308929086379e-15       2.472651681832e-14       2.089082751513e-15       0.000000000000e+00       0.000000000000e+00       0.000000000000e+00 
  195       9.070680213498e-13       4.194680998122e-15       2.473963102286e-14       2.060645587990e-15       0.000000000000e+00       0.000000000000e+00       0.000000000000e+00 
  196       9.248209903313e-13       4.083702907547e-15       2.467703322525e-14       2.033954257499e-15       0.000000000000e+00       0.000000000000e+00       0.000000000000e+00 
  197       9.425489282032e-13       3.976020708533e-15       2.454271379341e-14       2.008956357761e-15       0.000000000000e+00       0.000000000000e+00       0.000000000000e+00 
  198       9.601451870218e-13       3.871656487025e-15       2.434089386679e-14       1.985595196554e-15       0.000000000000e+00       0.000000000000e+00       0.000000000000e+00 
  199       9.774989828475e-13       3.770628448252e-15       2.407602855295e-14       1.963809727104e-15       0.000000000000e+00       0.000000000000e+00       0.000000000000e+00 
  200       9.944953447322e-13       3.672950843931e-15       2.375281012406e-14       1.943534483482e-15       0.000000000000e+00       0.000000000000e+00       0.000000000000e+00 
  201       1.011032875177e-12       3.578635539658e-15       2.337554761801e-14       1.924708975852e-15       0.000000000000e+00       0.000000000000e+00       0.000000000000e+00 
  202       1.027078551358e-12       3.487696993216e-15       2.294624960921e-14       1.907306758452e-15       0.000000000000e+00       0.000000000000e+00       0.000000000000e+00 
  203       1.042616744594e-12       3.400147491913e-15       2.246641049302e-14       1.891308315803e-15       0.000000000000e+00       0.000000000000e+00       0.000000000000e+00 
  204       1.057631762326e-12       3.315995476861e-15       2.193762311704e-14       1.876691753053e-15       0.000000000000e+00       0.000000000000e+00       0.000000000000e+00 
  205       1.072107849747e-12       3.235245475032e-15       2.136158013461e-14       1.863432759339e-15       0.000000000000e+00       0.000000000000e+00       0.000000000000e+00 
  206       1.086029191433e-12       3.157898031319e-15       2.074007535827e-14       1.851504571133e-15       0.000000000000e+00       0.000000000000e+00       0.000000000000e+00 
  207       1.099379912970e-12       3.083949640592e-15       2.007500511330e-14       1.840877935600e-15       0.000000000000e+00       0.000000000000e+00       0.000000000000e+00 
  208       1.112144082583e-12       3.013392679757e-15       1.936836959118e-14       1.831521073949e-15       0.000000000000e+00       0.000000000000e+00       0.000000000000e+00 
  209       1.124305712767e-12       2.946215339814e-15       1.862227420311e-14       1.823399644786e-15       0.000000000000e+00       0.000000000000e+00       0.000000000000e+00 
  210       1.135848761916e-12       2.882401557914e-15       1.783893093351e-14       1.816476707465e-15       0.000000000000e+00       0.000000000000e+00       0.000000000000e+00 
  211       1.146757135949e-12       2.821930949418e-15       1.702065969348e-14       1.810712685446e-15       0.000000000000e+00       0.000000000000e+00       0.000000000000e+00 
  212       1.157014689941e-12       2.764778739957e-15       1.616988967437e-14       1.806065329641e-15       0.000000000000e+00       0.000000000000e+00       0.000000000000e+00 
  213       1.166605229753e-12       2.710915697486e-15       1.528916070119e-14       1.802489681773e-15       0.000000000000e+00       0.000000000000e+00       0.000000000000e+00 
  214       1.175512513661e-12       2.660308064346e-15       1.438112458618e-14       1.799938037725e-15       0.000000000000e+00       0.000000000000e+00       0.000000000000e+00 
  215       1.183720253984e-12       2.612917489319e-15       1.344854648225e-14       1.798359910897e-15       0.000000000000e+00       0.000000000000e+00       0.000000000000e+00 
  216       1.191212118711e-12       2.568700959687e-15       1.249430623654e-14       1.797701995552e-15       0.000000000000e+00       0.000000000000e+00       0.000000000000e+00 
  217       1.197971733136e-12       2.527610733292e-15       1.152139974386e-14       1.797908130178e-15       0.000000000000e+00       0.000000000000e+00       0.000000000000e+00 
  218       1.203982681481e-12       2.489594270593e-15       1.053294030021e-14       1.798919260833e-15       0.000000000000e+00       0.000000000000e+00       0.000000000000e+00 
  219       1.209228508528e-12       2.454594166722e-15       9.532159956273e-15       1.800673404501e-15       0.000000000000e+00       0.000000000000e+00       0.000000000000e+00 
  220       1.213692721248e-12       2.422548083545e-15       8.522410870930e-15       1.803105612447e-15       0.000000000000e+00       0.000000000000e+00       0.000000000000e+00 
  221       1.217358790429e-12       2.393388681719e-15       7.507166664735e-15       1.806147933566e-15       0.000000000000e+00       0.000000000000e+00       0.000000000000e+00 
  222       1.220210152309e-12       2.367043552749e-15       6.490023773421e-15       1.809729377739e-15       0.000000000000e+00       0.000000000000e+00       0.000000000000e+00 
  223       1.222230210196e-12       2.343435151047e-15       5.474702801397e-15       1.813775879184e-15       0.000000000000e+00       0.000000000000e+00       0.000000000000e+00 
  224       1.223406577885e-12       2.322489998595e-15       4.464537627669e-15       1.818220510449e-15       0.000000000000e+00       0.000000000000e+00       0.000000000000e+00 
  225       1.223744109594e-12       2.304167097131e-15       3.460903427501e-15       1.823034929879e-15       0.000000000000e+00       0.000000000000e+00       0.000000000000e+00 
  226       1.223252711033e-12       2.288431211419e-15       2.464690188849e-15       1.828199885352e-15       0.000000000000e+00       0.000000000000e+00       0.000000000000e+00 
  227       1.221943184596e-12       2.275243715254e-15       1.476806007507e-15       1.833695133233e-15       0.000000000000e+00       0.000000000000e+00       0.000000000000e+00 
  228       1.219827241087e-12       2.264562545603e-15       4.981772209644e-16       1.839499426130e-15       0.000000000000e+00       0.000000000000e+00       0.000000000000e+00 
  229       1.216917511454e-12       2.256342156739e-15      -4.702514577348e-16       1.845590500653e-15       0.000000000000e+00       0.000000000000e+00       0.000000000000e+00 
  230       1.213227558511e-12       2.250533474375e-15      -1.427516806130e-15       1.851945065173e-15       0.000000000000e+00       0.000000000000e+00       0.000000000000e+00 
  231       1.208771888672e-12       2.247083849801e-15      -2.372636958483e-15       1.858538787583e-15       0.000000000000e+00       0.000000000000e+00       0.000000000000e+00 
  232       1.203565963674e-12       2.245937014023e-15      -3.304611271922e-15       1.865346283054e-15       0.000000000000e+00       0.000000000000e+00       0.000000000000e+00 
  233       1.197626212314e-12       2.247033031891e-15      -4.222420192575e-15       1.872341101797e-15       0.000000000000e+00       0.000000000000e+00       0.000000000000e+00 
  234       1.190970042167e-12       2.250308256243e-15      -5.125025121717e-15       1.879495716823e-15       0.000000000000e+00       0.000000000000e+00       0.000000000000e+00 
  235       1.183615851324e-12       2.255695282036e-15      -6.011368281903e-15       1.886781511698e-15       0.000000000000e+00       0.000000000000e+00       0.000000000000e+00 
  236       1.175583040114e-12       2.263122900481e-15      -6.880372583112e-15       1.894168768306e-15       0.000000000000e+00       0.000000000000e+00       0.000000000000e+00 
  237       1.166892022835e-12       2.272516053182e-15      -7.730941488885e-15       1.901626654608e-15       0.000000000000e+00       0.000000000000e+00       0.000000000000e+00 
  238       1.157564239483e-12       2.283795786271e-15      -8.561958882467e-15       1.909123212396e-15       0.000000000000e+00       0.000000000000e+00       0.000000000000e+00 
  239       1.147622167480e-12       2.296879204541e-15      -9.372288932943e-15       1.916625345062e-15       0.000000000000e+00       0.000000000000e+00       0.000000000000e+00 
  240       1.137089333404e-12       2.311679425585e-15      -1.016077596138e-14       1.924098805348e-15       0.000000000000e+00       0.000000000000e+00       0.000000000000e+00 
  241       1.125990324713e-12       2.328105533930e-15      -1.092624430697e-14       1.931508183109e-15       0.000000000000e+00       0.000000000000e+00       0.000000000000e+00 
  242       1.114350801480e-12       2.346062535172e-15      -1.166749819316e-14       1.938816893073e-15       0.000000000000e+00       0.000000000000e+00       0.000000000000e+00 
  243       1.102197508115e-12       2.365451310114e-15      -1.238332159381e-14       1.945987162598e-15       0.000000000000e+00       0.000000000000e+00       0.000000000000e+00 
  244       1.089558285098e-12       2.386168568901e-15      -1.307247809931e-14       1.952980019433e-15       0.000000000000e+00       0.000000000000e+00       0.000000000000e+00 
  245       1.076462080707e-12       2.408106805152e-15      -1.373371078273e-14       1.959755279477e-15       0.000000000000e+00       0.000000000000e+00       0.000000000000e+00 
  246       1.062938962746e-12       2.431154250104e-15      -1.436574206597e-14       1.966271534536e-15       0.000000000000e+00       0.000000000000e+00       0.000000000000e+00 
  247       1.049020130271e-12       2.455194826737e-15      -1.496727358589e-14       1.972486140087e-15       0.000000000000e+00       0.000000000000e+00       0.000000000000e+00 
  248       1.034737925322e-12       2.480108103919e-15      -1.553698606044e-14       1.978355203030e-15       0.000000000000e+00       0.000000000000e+00       0.000000000000e+00 
  249       1.020125844653e-12       2.505769250538e-15      -1.607353915482e-14       1.983833569456e-15       0.000000000000e+00       0.000000000000e+00       0.000000000000e+00 
  250       1.005214949698e-12       2.532064519378e-15      -1.657581719306e-14       1.988882155029e-15       0.000000000000e+00       0.000000000000e+00       0.000000000000e+00 
  251       9.900228425329e-13       2.558938784384e-15      -1.704368229463e-14       1.993490430583e-15       0.000000000000e+00       0.000000000000e+00       0.000000000000e+00 
  252       9.745640763635e-13       2.586350658270e-15      -1.747726445047e-14       1.997655210667e-15       0.000000000000e+00       0.000000000000e+00       0.000000000000e+00 
  253       9.588537048433e-13       2.614257193600e-15      -1.787671992385e-14       2.001373429497e-15       0.000000000000e+00       0.000000000000e+00       0.000000000000e+00 
  254       9.429072869115e-13       2.642613866623e-15      -1.824223158666e-14       2.004642142759e-15       0.000000000000e+00       0.000000000000e+00       0.000000000000e+00 
  255       9.267408916346e-13       2.671374561107e-15      -1.857400925567e-14       2.007458529407e-15       0.000000000000e+00       0.000000000000e+00       0.000000000000e+00 
  256       9.103711030469e-13       2.700491552174e-15      -1.887229002882e-14       2.009819893464e-15       0.000000000000e+00       0.000000000000e+00       0.000000000000e+00 
  257       8.938150249910e-13       2.729915490132e-15      -1.913733862151e-14       2.011723665823e-15       0.000000000000e+00       0.000000000000e+00       0.000000000000e+00 
  258       8.770902859591e-13       2.759595384309e-15      -1.936944770288e-14       2.013167406051e-15       0.000000000000e+00       0.000000000000e+00       0.000000000000e+00 
  259       8.602150439331e-13       2.789478586891e-15      -1.956893823210e-14       2.014148804184e-15       0.000000000000e+00       0.000000000000e+00       0.000000000000e+00 
  260       8.432079912258e-13       2.819510776750e-15      -1.973615979462e-14       2.014665682534e-15       0.000000000000e+00       0.000000000000e+00       0.000000000000e+00 
  261       8.260883593211e-13       2.849635943284e-15      -1.987149093850e-14       2.014715997486e-15       0.000000000000e+00       0.000000000000e+00       0.000000000000e+00 
  262       8.088759237154e-13       2.879796370245e-15      -1.997533951066e-14       2.014297841299e-15       0.000000000000e+00       0.000000000000e+00       0.000000000000e+00 
  263       7.915910087578e-13       2.909932619580e-15      -2.004814299316e-14       2.013409443909e-15       0.000000000000e+00       0.000000000000e+00       0.000000000000e+00 
  264       7.742544924907e-13       2.939983515258e-15      -2.009036883952e-14       2.012049174730e-15       0.000000000000e+00       0.000000000000e+00       0.000000000000e+00 
  265       7.568878114912e-13       2.969886127108e-15      -2.010251481094e-14       2.010215544450e-15       0.000000000000e+00       0.000000000000e+00       0.000000000000e+00 
  266       7.395129657112e-13       2.999575754654e-15      -2.008510931265e-14       2.007907206840e-15       0.000000000000e+00       0.000000000000e+00       0.000000000000e+00 
  267       7.221525233183e-13       3.028985910945e-15      -2.003871173015e-14       2.005122960547e-15       0.000000000000e+00       0.000000000000e+00       0.000000000000e+00 
  268       7.048296255366e-13       3.058048306393e-15      -1.996391276550e-14       2.001861750900e-15       0.000000000000e+00       0.000000000000e+00       0.000000000000e+00 
  269       6.875679914873e-13       3.086692832604e-15      -1.986133477360e-14       1.998122671708e-15       0.000000000000e+00       0.000000000000e+00       0.000000000000e+00 
  270       6.703919230296e-13       3.114847546215e-15      -1.973163209851e-14       1.993904967064e-15       0.000000000000e+00       0.000000000000e+00       0.000000000000e+00 
  271       6.533263096012e-13       3.142438652725e-15      -1.957549140965e-14       1.989208033142e-15       0.000000000000e+00       0.000000000000e+00       0.000000000000e+00 
  272       6.363966330591e-13       3.169390490330e-15      -1.939363203819e-14       1.984031420001e-15       0.000000000000e+00       0.000000000000e+00       0.000000000000e+00 
  273       6.196289725204e-13       3.195625513760e-15      -1.918680631323e-14       1.978374833384e-15       0.000000000000e+00       0.000000000000e+00       0.000000000000e+00 
  274       6.030500092030e-13       3.221064278107e-15      -1.895579989815e-14       1.972238136520e-15       0.000000000000e+00       0.000000000000e+00       0.000000000000e+00 
  275       5.866870312661e-13       3.245625422667e-15      -1.870143212687e-14       1.965621351926e-15       0.000000000000e+00       0.000000000000e+00       0.000000000000e+00 
  276       5.705679386513e-13       3.269225654764e-15      -1.842455634014e-14       1.958524663203e-15       0.000000000000e+00       0.000000000000e+00       0.000000000000e+00 
  277       5.547212479230e-13       3.291779733595e-15      -1.812606022179e-14       1.950948416844e-15       0.000000000000e+00       0.000000000000e+00       0.000000000000e+00 
  278       5.391760971092e-13       3.313200454055e-15      -1.780686613507e-14       1.942893124029e-15       0.000000000000e+00       0.000000000000e+00       0.000000000000e+00 
  279       5.239577133891e-13       3.333412805703e-15      -1.746785711224e-14       1.934360890290e-15       0.000000000000e+00       0.000000000000e+00       0.000000000000e+00 
  280       5.090735462792e-13       3.352397294891e-15      -1.710964988736e-14       1.925359782778e-15       0.000000000000e+00       0.000000000000e+00       0.000000000000e+00 
  281       4.945264254554e-13       3.370148835605e-15      -1.673281075976e-14       1.915899692764e-15       0.000000000000e+00       0.000000000000e+00       0.000000000000e+00 
  282       4.803190310775e-13       3.386662782084e-15      -1.633792910261e-14       1.905990932140e-15       0.000000000000e+00       0.000000000000e+00       0.000000000000e+00 
  283       4.664538916600e-13       3.401934934429e-15      -1.592561758494e-14       1.895644237405e-15       0.000000000000e+00       0.000000000000e+00       0.000000000000e+00 
  284       4.529333819438e-13       3.415961544210e-15      -1.549651239377e-14       1.884870773667e-15       0.000000000000e+00       0.000000000000e+00       0.000000000000e+00 
  285       4.397597207668e-13       3.428739320079e-15      -1.505127345618e-14       1.873682138631e-15       0.000000000000e+00       0.000000000000e+00       0.000000000000e+00 
  286       4.269349689356e-13       3.440265433372e-15      -1.459058466135e-14       1.862090366596e-15       0.000000000000e+00       0.000000000000e+00       0.000000000000e+00 
  287       4.144610270965e-13       3.450537523723e-15      -1.411515408269e-14       1.850107932452e-15       0.000000000000e+00       0.000000000000e+00       0.000000000000e+00 
  288       4.023396336067e-13       3.459553704669e-15      -1.362571419989e-14       1.837747755666e-15       0.000000000000e+00       0.000000000000e+00       0.000000000000e+00 
  289       3.905723624055e-13       3.467312569258e-15      -1.312302212100e-14       1.825023204287e-15       0.000000000000e+00       0.000000000000e+00       0.000000000000e+00 
  290       3.791606208857e-13       3.473813195662e-15      -1.260785980452e-14       1.811948098931e-15       0.000000000000e+00       0.000000000000e+00       0.000000000000e+00 
  291       3.681056477645e-13       3.479055152780e-15      -1.208103428146e-14       1.798536716780e-15       0.000000000000e+00       0.000000000000e+00       0.000000000000e+00 
  292       3.574085109548e-13       3.483038505849e-15      -1.154337787746e-14       1.784803795575e-15       0.000000000000e+00       0.000000000000e+00       0.000000000000e+00 
  293       3.470701054366e-13       3.485763822052e-15      -1.099574843480e-14       1.770764537611e-15       0.000000000000e+00       0.000000000000e+00       0.000000000000e+00 
  294       3.370911511281e-13       3.487232176129e-15      -1.043902953455e-14       1.756434613731e-15       0.000000000000e+00       0.000000000000e+00       0.000000000000e+00 
  295       3.274721907567e-13       3.487445155978e-15      -9.874130718599e-15       1.741830167317e-15       0.000000000000e+00       0.000000000000e+00       0.000000000000e+00 
  296       3.182135877306e-13       3.486404868274e-15      -9.301987711766e-15       1.726967818290e-15       0.000000000000e+00       0.000000000000e+00       0.000000000000e+00 
  297       3.093155240095e-13       3.484113944067e-15      -8.723562643855e-15       1.711864667101e-15       0.000000000000e+00       0.000000000000e+00       0.000000000000e+00 
  298       3.007779979763e-13       3.480575544398e-15      -8.139844271747e-15       1.696538298724e-15       0.000000000000e+00       0.000000000000e+00       0.000000000000e+00 
  299       2.926008223080e-13       3.475793365904e-15      -7.551848201474e-15       1.681006786653e-15       0.000000000000e+00       0.000000000000e+00       0.000000000000e+00 
  300       2.847836218472e-13       3.469771646427e-15      -6.960617110299e-15       1.665288696894e-15       0.000000000000e+00       0.000000000000e+00       0.000000000000e+00 
  301       2.773258314727e-13       3.462515170622e-15      -6.367220968798e-15       1.649403091960e-15       0.000000000000e+00       0.000000000000e+00       0.000000000000e+00 
  302       2.702266939715e-13       3.454029275566e-15      -5.772757262930e-15       1.633369534867e-15       0.000000000000e+00       0.000000000000e+00       0.000000000000e+00 
  303       2.634852579095e-13       3.444319856366e-15      -5.178351216127e-15       1.617208093124e-15       0.000000000000e+00       0.000000000000e+00       0.000000000000e+00 
  304       2.571003755027e-13       3.433393371770e-15      -4.585156011363e-15       1.600939342734e-15       0.000000000000e+00       0.000000000000e+00       0.000000000000e+00 
  305       2.510707004886e-13       3.421256849769e-15      -3.994353013239e-15       1.584584372179e-15       0.000000000000e+00       0.000000000000e+00       0.000000000000e+00 
  306       2.453946859975e-13       3.407917893214e-15      -3.407151990059e-15       1.568164786422e-15       0.000000000000e+00       0.000000000000e+00       0.000000000000e+00 
  307       2.400705824233e-13       3.393384685416e-15      -2.824791335908e-15       1.551702710900e-15       0.000000000000e+00       0.000000000000e+00       0.000000000000e+00 
  308       2.350964352951e-13       3.377665995762e-15      -2.248538292734e-15       1.535220795513e-15       0.000000000000e+00       0.000000000000e+00       0.000000000000e+00 
  309       2.304700831482e-13       3.360771185316e-15      -1.679689172423e-15       1.518742218624e-15       0.000000000000e+00       0.000000000000e+00       0.000000000000e+00 
  310       2.261891553952e-13       3.342710212434e-15      -1.119569578882e-15       1.502290691051e-15       0.000000000000e+00       0.000000000000e+00       0.000000000000e+00 
  311       2.222510701978e-13       3.323493638368e-15      -5.695346301131e-16       1.485890460063e-15       0.000000000000e+00       0.000000000000e+00       0.000000000000e+00 
  312       2.186526601684e-13       3.303134881132e-15      -3.076144329649e-17       1.469563168246e-15       0.000000000000e+00       0.000000000000e+00       0.000000000000e+00 
  313       2.153890346511e-13       3.281657081164e-15       4.963845073064e-16       1.453318260850e-15       0.000000000000e+00       0.000000000000e+00       0.000000000000e+00 
  314       2.124546604921e-13       3.259086565184e-15       1.011744715213e-15       1.437162141148e-15       0.000000000000e+00       0.000000000000e+00       0.000000000000e+00 
  315       2.098437268744e-13       3.235450634996e-15       1.515162588442e-15       1.421101275568e-15       0.000000000000e+00       0.000000000000e+00       0.000000000000e+00 
  316       2.075501427314e-13       3.210777575859e-15       2.006483482703e-15       1.405142193816e-15       0.000000000000e+00       0.000000000000e+00       0.000000000000e+00 
  317       2.055675341607e-13       3.185096664860e-15       2.485554734582e-15       1.389291489006e-15       0.000000000000e+00       0.000000000000e+00       0.000000000000e+00 
  318       2.038892418382e-13       3.158438179283e-15       2.952225694736e-15       1.373555817795e-15       0.000000000000e+00       0.000000000000e+00       0.000000000000e+00 
  319       2.025083184317e-13       3.130833404978e-15       3.406347761080e-15       1.357941900504e-15       0.000000000000e+00       0.000000000000e+00       0.000000000000e+00 
  320       2.014175260151e-13       3.102314644739e-15       3.847774411973e-15       1.342456521257e-15       0.000000000000e+00       0.000000000000e+00       0.000000000000e+00 
  321       2.006093334821e-13       3.072915226667e-15       4.276361239410e-15       1.327106528101e-15       0.000000000000e+00       0.000000000000e+00       0.000000000000e+00 
  322       2.000759139600e-13       3.042669512546e-15       4.691965982214e-15       1.311898833143e-15       0.000000000000e+00       0.000000000000e+00       0.000000000000e+00 
  323       1.998091422239e-13       3.011612906213e-15       5.094448559219e-15       1.296840412676e-15       0.000000000000e+00       0.000000000000e+00       0.000000000000e+00 
  324       1.998005921101e-13       2.979781861930e-15       5.483671102463e-15       1.281938307308e-15       0.000000000000e+00       0.000000000000e+00       0.000000000000e+00 
  325       2.000415339307e-13       2.947213892752e-15       5.859497990376e-15       1.267199622093e-15       0.000000000000e+00       0.000000000000e+00       0.000000000000e+00 
  326       2.005229318866e-13       2.913947578902e-15       6.221795880969e-15       1.252631526660e-15       0.000000000000e+00       0.000000000000e+00       0.000000000000e+00 
  327       2.012354414821e-13       2.880022576138e-15       6.570433745025e-15       1.238241255344e-15       0.000000000000e+00       0.000000000000e+00       0.000000000000e+00 
  328       2.021694069384e-13       2.845479624129e-15       6.905282899285e-15       1.224036107311e-15       0.000000000000e+00       0.000000000000e+00       0.000000000000e+00 
  329       2.033148586078e-13       2.810360554821e-15       7.226217039639e-15       1.210023446692e-15       0.000000000000e+00       0.000000000000e+00       0.000000000000e+00 
  330       2.046615103870e-13       2.774708300812e-15       7.533112274316e-15       1.196210702713e-15       0.000000000000e+00       0.000000000000e+00       0.000000000000e+00 
  331       2.061987571318e-13       2.738566903720e-15       7.825847157070e-15       1.182605369819e-15       0.000000000000e+00       0.000000000000e+00       0.000000000000e+00 
  332       2.079156720703e-13       2.701981522557e-15       8.104302720374e-15       1.169215007808e-15       0.000000000000e+00       0.000000000000e+00       0.000000000000e+00 
  333       2.098010042172e-13       2.664998442098e-15       8.368362508603e-15       1.156047241960e-15       0.000000000000e+00       0.000000000000e+00       0.000000000000e+00 
  334       2.118431757872e-13       2.627665081252e-15       8.617912611228e-15       1.143109763166e-15       0.000000000000e+00       0.000000000000e+00       0.000000000000e+00 
  335       2.140302796096e-13       2.590030001436e-15       8.852841696004e-15       1.130410328057e-15       0.000000000000e+00       0.000000000000e+00       0.000000000000e+00 
  336       2.163500765417e-13       2.552142914941e-15       9.073041042158e-15       1.117956759133e-15       0.000000000000e+00       0.000000000000e+00       0.000000000000e+00 
  337       2.187899928825e-13       2.514054693309e-15       9.278404573579e-15       1.105756944895e-15       0.000000000000e+00       0.000000000000e+00       0.000000000000e+00 
  338       2.213371177871e-13       2.475817375698e-15       9.468828892005e-15       1.093818839972e-15       0.000000000000e+00       0.000000000000e+00       0.000000000000e+00 
  339       2.239782006804e-13       2.437484177258e-15       9.644213310218e-15       1.082150465252e-15       0.000000000000e+00       0.000000000000e+00       0.000000000000e+00 
  340       2.266996486707e-13       2.399109497501e-15       9.804459885224e-15       1.070759908009e-15       0.000000000000e+00       0.000000000000e+00       0.000000000000e+00 
  341       2.294875239640e-13       2.360748928668e-15       9.949473451452e-15       1.059655322036e-15       0.000000000000e+00       0.000000000000e+00       0.000000000000e+00 
  342       2.323275412776e-13       2.322459264108e-15       1.007916165394e-14       1.048844927772e-15       0.000000000000e+00       0.000000000000e+00       0.000000000000e+00 
  343       2.352050652541e-13       2.284298506640e-15       1.019343498151e-14       1.038337012432e-15       0.000000000000e+00       0.000000000000e+00       0.000000000000e+00 
  344       2.381051078752e-13       2.246325876931e-15       1.029220679998e-14       1.028139930139e-15       0.000000000000e+00       0.000000000000e+00       0.000000000000e+00 
  345       2.410123258758e-13       2.208601821864e-15       1.037539338535e-14       1.018262102048e-15       0.000000000000e+00       0.000000000000e+00       0.000000000000e+00 
  346       2.439110181576e-13       2.171188022909e-15       1.044291395696e-14       1.008712016481e-15       0.000000000000e+00       0.000000000000e+00       0.000000000000e+00 
  347       2.467851232031e-13       2.134147404497e-15       1.049469071074e-14       9.994982290525e-16       0.000000000000e+00       0.000000000000e+00       0.000000000000e+00 
  348       2.496182164896e-13       2.097544142386e-15       1.053064885232e-14       9.906293628027e-16       0.000000000000e+00       0.000000000000e+00       0.000000000000e+00 
  349       2.523960473841e-13       2.061434555814e-15       1.055077435349e-14       9.821120774696e-16       0.000000000000e+00       0.000000000000e+00       0.000000000000e+00 
  350       2.551142714237e-13       2.025839349262e-15       1.055528980135e-14       9.739448839534e-16       0.000000000000e+00       0.000000000000e+00       0.000000000000e+00 
  351       2.577710341498e-13       1.990770234077e-15       1.054448591843e-14       9.661240731757e-16       0.000000000000e+00       0.000000000000e+00       0.000000000000e+00 
  352       2.603644605161e-13       1.956238940077e-15       1.051866458816e-14       9.586457218914e-16       0.000000000000e+00       0.000000000000e+00       0.000000000000e+00 
  353       2.628926547975e-13       1.922257214962e-15       1.047813894478e-14       9.515056908233e-16       0.000000000000e+00       0.000000000000e+00       0.000000000000e+00 
  354       2.653537004990e-13       1.888836823734e-15       1.042323346321e-14       9.446996227961e-16       0.000000000000e+00       0.000000000000e+00       0.000000000000e+00 
  355       2.677456602639e-13       1.855989548107e-15       1.035428404896e-14       9.382229408711e-16       0.000000000000e+00       0.000000000000e+00       0.000000000000e+00 
  356       2.700665757829e-13       1.823727185928e-15       1.027163812802e-14       9.320708464804e-16       0.000000000000e+00       0.000000000000e+00       0.000000000000e+00 
  357       2.723144677024e-13       1.792061550586e-15       1.017565473676e-14       9.262383175614e-16       0.000000000000e+00       0.000000000000e+00       0.000000000000e+00 
  358       2.744873355334e-13       1.761004470435e-15       1.006670461182e-14       9.207201066910e-16       0.000000000000e+00       0.000000000000e+00       0.000000000000e+00 
  359       2.765831575601e-13       1.730567788201e-15       9.945170280026e-15       9.155107392201e-16       0.000000000000e+00       0.000000000000e+00       0.000000000000e+00 
  360       2.785998907488e-13       1.700763360405e-15       9.811446148257e-15       9.106045114080e-16       0.000000000000e+00       0.000000000000e+00       0.000000000000e+00 
  361       2.805354706560e-13       1.671603056772e-15       9.665938593364e-15       9.059954885569e-16       0.000000000000e+00       0.000000000000e+00       0.000000000000e+00 
  362       2.823878113375e-13       1.643098759649e-15       9.509066052056e-15       9.016775031458e-16       0.000000000000e+00       0.000000000000e+00       0.000000000000e+00 
  363       2.841548052572e-13       1.615262363423e-15       9.341259110799e-15       8.976441529654e-16       0.000000000000e+00       0.000000000000e+00       0.000000000000e+00 
  364       2.858343231953e-13       1.588105773931e-15       9.162960595715e-15       8.938887992523e-16       0.000000000000e+00       0.000000000000e+00       0.000000000000e+00 
  365       2.874242141573e-13       1.561640907879e-15       8.974625662472e-15       8.904045648233e-16       0.000000000000e+00       0.000000000000e+00       0.000000000000e+00 
  366       2.889223052826e-13       1.535879692257e-15       8.776721886187e-15       8.871843322098e-16       0.000000000000e+00       0.000000000000e+00       0.000000000000e+00 
  367       2.903264017530e-13       1.510834063752e-15       8.569729351316e-15       8.842207417922e-16       0.000000000000e+00       0.000000000000e+00       0.000000000000e+00 
  368       2.916342867017e-13       1.486515968165e-15       8.354140741557e-15       8.815061899343e-16       0.000000000000e+00       0.000000000000e+00       0.000000000000e+00 
  369       2.928437211217e-13       1.462937359828e-15       8.130461429741e-15       8.790328271179e-16       0.000000000000e+00       0.000000000000e+00       0.000000000000e+00 
  370       2.939524437746e-13       1.440110201016e-15       7.899209567731e-15       8.767925560767e-16       0.000000000000e+00       0.000000000000e+00       0.000000000000e+00 
  371       2.949581710990e-13       1.418046461364e-15       7.660916176317e-15       8.747770299309e-16       0.000000000000e+00       0.000000000000e+00       0.000000000000e+00 
  372       2.958585971196e-13       1.396758117283e-15       7.416125235113e-15       8.729776503217e-16       0.000000000000e+00       0.000000000000e+00       0.000000000000e+00 
  373       2.966513933556e-13       1.376257151373e-15       7.165393772455e-15       8.713855655457e-16       0.000000000000e+00       0.000000000000e+00       0.000000000000e+00 
  374       2.973342087294e-13       1.356555551841e-15       6.909291955293e-15       8.699916686888e-16       0.000000000000e+00       0.000000000000e+00       0.000000000000e+00 
  375       2.979046694753e-13       1.337665311915e-15       6.648403179091e-15       8.687865957615e-16       0.000000000000e+00       0.000000000000e+00       0.000000000000e+00 
  376       2.983603790479e-13       1.319598429259e-15       6.383324157723e-15       8.677607238321e-16       0.000000000000e+00       0.000000000000e+00       0.000000000000e+00 
  377       2.986989180315e-13       1.302366905388e-15       6.114665013369e-15       8.669041691621e-16       0.000000000000e+00       0.000000000000e+00       0.000000000000e+00 
  378       2.989178440477e-13       1.285982745086e-15       5.843049366408e-15       8.662067853402e-16       0.000000000000e+00       0.000000000000e+00       0.000000000000e+00 
  379       2.990146916652e-13       1.270457955817e-15       5.569114425320e-15       8.656581614163e-16       0.000000000000e+00       0.000000000000e+00       0.000000000000e+00 
  380       2.989869723076e-13       1.255804547144e-15       5.293511076579e-15       8.652476200366e-16       0.000000000000e+00       0.000000000000e+00       0.000000000000e+00 
  381       2.988321741623e-13       1.242034530144e-15       5.016903974550e-15       8.649642155774e-16       0.000000000000e+00       0.000000000000e+00       0.000000000000e+00 
  382       2.985477620895e-13       1.229159916820e-15       4.739971631384e-15       8.647967322798e-16       0.000000000000e+00       0.000000000000e+00       0.000000000000e+00 
  383       2.981311775304e-13       1.217192719519e-15       4.463406506918e-15       8.647336823839e-16       0.000000000000e+00       0.000000000000e+00       0.000000000000e+00 
  384       2.975798384163e-13       1.206144950349e-15       4.187915098566e-15       8.647633042632e-16       0.000000000000e+00       0.000000000000e+00       0.000000000000e+00 
  385       2.968911390768e-13       1.196028620590e-15       3.914218031220e-15       8.648735605592e-16       0.000000000000e+00       0.000000000000e+00       0.000000000000e+00 
  386       2.960624501489e-13       1.186855740113e-15       3.643050147146e-15       8.650521363155e-16       0.000000000000e+00       0.000000000000e+00       0.000000000000e+00 
  387       2.950911184853e-13       1.178638316791e-15       3.375160595875e-15       8.652864371121e-16       0.000000000000e+00       0.000000000000e+00       0.000000000000e+00 
  388       2.939754008076e-13       1.171383669754e-15       3.111202852333e-15       8.655651660594e-16       0.000000000000e+00       0.000000000000e+00       0.000000000000e+00 
  389       2.927173033521e-13       1.165080177052e-15       2.851400052373e-15       8.658831236164e-16       0.000000000000e+00       0.000000000000e+00       0.000000000000e+00 
  390       2.913198482637e-13       1.159710993721e-15       2.595867315285e-15       8.662365836519e-16       0.000000000000e+00       0.000000000000e+00       0.000000000000e+00 
  391       2.897861500918e-13       1.155258685515e-15       2.344720687567e-15       8.666217301889e-16       0.000000000000e+00       0.000000000000e+00       0.000000000000e+00 
  392       2.881194164418e-13       1.151705224595e-15       2.098077145308e-15       8.670346567941e-16       0.000000000000e+00       0.000000000000e+00       0.000000000000e+00 
  393       2.863229486255e-13       1.149031985221e-15       1.856054596572e-15       8.674713659681e-16       0.000000000000e+00       0.000000000000e+00       0.000000000000e+00 
  394       2.844001423127e-13       1.147219739438e-15       1.618771883780e-15       8.679277685347e-16       0.000000000000e+00       0.000000000000e+00       0.000000000000e+00 
  395       2.823544881819e-13       1.146248652766e-15       1.386348786090e-15       8.683996830304e-16       0.000000000000e+00       0.000000000000e+00       0.000000000000e+00 
  396       2.801895725714e-13       1.146098279894e-15       1.158906021784e-15       8.688828350946e-16       0.000000000000e+00       0.000000000000e+00       0.000000000000e+00 
  397       2.779090781306e-13       1.146747560362e-15       9.365652506463e-16       8.693728568588e-16       0.000000000000e+00       0.000000000000e+00       0.000000000000e+00 
  398       2.755167844707e-13       1.148174814257e-15       7.194490763508e-16       8.698652863364e-16       0.000000000000e+00       0.000000000000e+00       0.000000000000e+00 
  399       2.730165688161e-13       1.150357737901e-15       5.076810488398e-16       8.703555668125e-16       0.000000000000e+00       0.000000000000e+00       0.000000000000e+00 
  400       2.704124066552e-13       1.153273399537e-15       3.013856667083e-16       8.708390462333e-16       0.000000000000e+00       0.000000000000e+00       0.000000000000e+00 
  401       2.677083723913e-13       1.156898235024e-15       1.006883795866e-16       8.713109765961e-16       0.000000000000e+00       0.000000000000e+00       0.000000000000e+00 
  402       2.649086399943e-13       1.161208043523e-15      -9.428440947730e-17       8.717665133388e-16       0.000000000000e+00       0.000000000000e+00       0.000000000000e+00 
  403       2.620174836509e-13       1.166177983185e-15      -2.834053416347e-16       8.722007147292e-16       0.000000000000e+00       0.000000000000e+00       0.000000000000e+00 
  404       2.590392784163e-13       1.171782566846e-15      -4.665460998539e-16       8.726085412556e-16       0.000000000000e+00       0.000000000000e+00       0.000000000000e+00 
  405       2.559785008650e-13       1.177995657712e-15      -6.435774065374e-16       8.729848550153e-16       0.000000000000e+00       0.000000000000e+00       0.000000000000e+00 
  406       2.528397297417e-13       1.184790465050e-15      -8.143690211390e-16       8.733244191053e-16       0.000000000000e+00       0.000000000000e+00       0.000000000000e+00 
  407       2.496276466128e-13       1.192139539877e-15      -9.787897377817e-16       8.736218970114e-16       0.000000000000e+00       0.000000000000e+00       0.000000000000e+00 
  408       2.463470365169e-13       1.200014770650e-15      -1.136707382874e-15       8.738718519978e-16       0.000000000000e+00       0.000000000000e+00       0.000000000000e+00 
  409       2.430027886162e-13       1.208387378957e-15      -1.287988812730e-15       8.740687464971e-16       0.000000000000e+00       0.000000000000e+00       0.000000000000e+00 
  410       2.395998968475e-13       1.217227915202e-15      -1.432499911181e-15       8.742069414999e-16       0.000000000000e+00       0.000000000000e+00       0.000000000000e+00 
  411       2.361434605732e-13       1.226506254301e-15      -1.570105587199e-15       8.742806959443e-16       0.000000000000e+00       0.000000000000e+00       0.000000000000e+00 
  412       2.326386852324e-13       1.236191591365e-15      -1.700669772513e-15       8.742841661055e-16       0.000000000000e+00       0.000000000000e+00       0.000000000000e+00 
  413       2.290908829918e-13       1.246252437395e-15      -1.824055419220e-15       8.742114049860e-16       0.000000000000e+00       0.000000000000e+00       0.000000000000e+00 
  414       2.255054733970e-13       1.256656614967e-15      -1.940124497413e-15       8.740563617044e-16       0.000000000000e+00       0.000000000000e+00       0.000000000000e+00 
  415       2.218879840233e-13       1.267371253926e-15      -2.048737992788e-15       8.738128808860e-16       0.000000000000e+00       0.000000000000e+00       0.000000000000e+00 
  416       2.182440511268e-13       1.278362787070e-15      -2.149755904268e-15       8.734747020517e-16       0.000000000000e+00       0.000000000000e+00       0.000000000000e+00 
  417       2.145794202957e-13       1.289596945847e-15      -2.243037241618e-15       8.730354590081e-16       0.000000000000e+00       0.000000000000e+00       0.000000000000e+00 
  418       2.108999471011e-13       1.301038756036e-15      -2.328440023062e-15       8.724886792371e-16       0.000000000000e+00       0.000000000000e+00       0.000000000000e+00 
  419       2.072115977480e-13       1.312652533443e-15      -2.405821272902e-15       8.718277832853e-16       0.000000000000e+00       0.000000000000e+00       0.000000000000e+00 
  420       2.035204497266e-13       1.324401879587e-15      -2.475037019132e-15       8.710460841543e-16       0.000000000000e+00       0.000000000000e+00       0.000000000000e+00 
  421       1.998326924631e-13       1.336249677393e-15      -2.535942291061e-15       8.701367866894e-16       0.000000000000e+00       0.000000000000e+00       0.000000000000e+00 
  422       1.961546279709e-13       1.348158086878e-15      -2.588391116923e-15       8.690929869703e-16       0.000000000000e+00       0.000000000000e+00       0.000000000000e+00 
  423       1.924926715015e-13       1.360088540841e-15      -2.632236521502e-15       8.679076716999e-16       0.000000000000e+00       0.000000000000e+00       0.000000000000e+00 
  424       1.888533521960e-13       1.372001740554e-15      -2.667330523742e-15       8.665737175947e-16       0.000000000000e+00       0.000000000000e+00       0.000000000000e+00 
  425       1.852433137353e-13       1.383857651452e-15      -2.693524134371e-15       8.650838907737e-16       0.000000000000e+00       0.000000000000e+00       0.000000000000e+00 
  426       1.816693149920e-13       1.395615498821e-15      -2.710667353513e-15       8.634308461489e-16       0.000000000000e+00       0.000000000000e+00       0.000000000000e+00 
  427       1.781372439842e-13       1.407239080508e-15      -2.718663390340e-15       8.616087712459e-16       0.000000000000e+00       0.000000000000e+00       0.000000000000e+00 
  428       1.746491214631e-13       1.418712912914e-15      -2.717633358524e-15       8.596183805076e-16       0.000000000000e+00       0.000000000000e+00       0.000000000000e+00 
  429       1.712059966625e-13       1.430026625843e-15      -2.707757179322e-15       8.574620897054e-16       0.000000000000e+00       0.000000000000e+00       0.000000000000e+00 
  430       1.678089247877e-13       1.441169694291e-15      -2.689219898918e-15       8.551423873279e-16       0.000000000000e+00       0.000000000000e+00       0.000000000000e+00 
  431       1.644589670193e-13       1.452131437635e-15      -2.662211721646e-15       8.526618350503e-16       0.000000000000e+00       0.000000000000e+00       0.000000000000e+00 
  432       1.611571905157e-13       1.462901018804e-15      -2.626928043208e-15       8.500230682035e-16       0.000000000000e+00       0.000000000000e+00       0.000000000000e+00 
  433       1.579046684166e-13       1.473467443469e-15      -2.583569483896e-15       8.472287962437e-16       0.000000000000e+00       0.000000000000e+00       0.000000000000e+00 
  434       1.547024798464e-13       1.483819559215e-15      -2.532341921810e-15       8.442818032220e-16       0.000000000000e+00       0.000000000000e+00       0.000000000000e+00 
  435       1.515517099169e-13       1.493946054730e-15      -2.473456526081e-15       8.411849482537e-16       0.000000000000e+00       0.000000000000e+00       0.000000000000e+00 
  436       1.484534497308e-13       1.503835458979e-15      -2.407129790089e-15       8.379411659873e-16       0.000000000000e+00       0.000000000000e+00       0.000000000000e+00 
  437       1.454087963847e-13       1.513476140389e-15      -2.333583564683e-15       8.345534670748e-16       0.000000000000e+00       0.000000000000e+00       0.000000000000e+00 
  438       1.424188529724e-13       1.522856306028e-15      -2.253045091403e-15       8.310249386403e-16       0.000000000000e+00       0.000000000000e+00       0.000000000000e+00 
  439       1.394847285879e-13       1.531964000786e-15      -2.165747035702e-15       8.273587447499e-16       0.000000000000e+00       0.000000000000e+00       0.000000000000e+00 
  440       1.366075383289e-13       1.540787106557e-15      -2.071927520159e-15       8.235581268808e-16       0.000000000000e+00       0.000000000000e+00       0.000000000000e+00 
  441       1.337884032995e-13       1.549313341417e-15      -1.971830157707e-15       8.196264043910e-16       0.000000000000e+00       0.000000000000e+00       0.000000000000e+00 
  442       1.310284506138e-13       1.557530258806e-15      -1.865704084850e-15       8.155669749888e-16       0.000000000000e+00       0.000000000000e+00       0.000000000000e+00 
  443       1.283288133988e-13       1.565425246712e-15      -1.753803994883e-15       8.113833152016e-16       0.000000000000e+00       0.000000000000e+00       0.000000000000e+00 
  444       1.256906307978e-13       1.572985526846e-15      -1.636390171112e-15       8.070789808461e-16       0.000000000000e+00       0.000000000000e+00       0.000000000000e+00 
  445       1.231150479732e-13       1.580198153827e-15      -1.513728520075e-15       8.026576074973e-16       0.000000000000e+00       0.000000000000e+00       0.000000000000e+00 
  446       1.206032161102e-13       1.587050014362e-15      -1.386090604764e-15       7.981229109580e-16       0.000000000000e+00       0.000000000000e+00       0.000000000000e+00 
  447       1.181562924194e-13       1.593527826423e-15      -1.253753677842e-15       7.934786877280e-16       0.000000000000e+00       0.000000000000e+00       0.000000000000e+00 
  448       1.157754401404e-13       1.599618138435e-15      -1.117000714863e-15       7.887288154741e-16       0.000000000000e+00       0.000000000000e+00       0.000000000000e+00 
  449       1.134618285449e-13       1.605307328450e-15      -9.761204474972e-16       7.838772534990e-16       0.000000000000e+00       0.000000000000e+00       0.000000000000e+00 
  450       1.112166329396e-13       1.610581603332e-15      -8.314073967451e-16       7.789280432108e-16       0.000000000000e+00       0.000000000000e+00       0.000000000000e+00 
  451       1.090410346697e-13       1.615426997935e-15      -6.831619061620e-16       7.738853085926e-16       0.000000000000e+00       0.000000000000e+00       0.000000000000e+00 
  452       1.069362211219e-13       1.619829374285e-15      -5.316901750762e-16       7.687532566719e-16       0.000000000000e+00       0.000000000000e+00       0.000000000000e+00 
  453       1.049033857277e-13       1.623774420762e-15      -3.773042918099e-16       7.635361779897e-16       0.000000000000e+00       0.000000000000e+00       0.000000000000e+00 
  454       1.029437279662e-13       1.627247651277e-15      -2.203222668995e-16       7.582384470704e-16       0.000000000000e+00       0.000000000000e+00       0.000000000000e+00 
  455       1.010584533678e-13       1.630234404458e-15      -6.106806631541e-17       7.528645228910e-16       0.000000000000e+00       0.000000000000e+00       0.000000000000e+00 
  456       9.924877351708e-14       1.632719842827e-15       1.001283553173e-16       7.474189493504e-16       0.000000000000e+00       0.000000000000e+00       0.000000000000e+00 
  457       9.751590605601e-14       1.634688951980e-15       2.629310214988e-16       7.419063557389e-16       0.000000000000e+00       0.000000000000e+00       0.000000000000e+00 
  458       9.586107468707e-14       1.636126539771e-15       4.269979006345e-16       7.363314572078e-16       0.000000000000e+00       0.000000000000e+00       0.000000000000e+00 
  459       9.428550917651e-14       1.637017235492e-15       5.919808728141e-16       7.306990552386e-16       0.000000000000e+00       0.000000000000e+00       0.000000000000e+00 
  460       9.279044535749e-14       1.637345489051e-15       7.575256965925e-16       7.250140381125e-16       0.000000000000e+00       0.000000000000e+00       0.000000000000e+00 
  461       9.137712513323e-14       1.637095570157e-15       9.232719757683e-16       7.192813813798e-16       0.000000000000e+00       0.000000000000e+00       0.000000000000e+00 
  462       9.004679648021e-14       1.636251567496e-15       1.088853126164e-15       7.135061483295e-16       0.000000000000e+00       0.000000000000e+00       0.000000000000e+00 
  463       8.880071345133e-14       1.634797387915e-15       1.253896342408e-15       7.076934904583e-16       0.000000000000e+00       0.000000000000e+00       0.000000000000e+00 
  464       8.764013617907e-14       1.632716755604e-15       1.418022564709e-15       7.018486479406e-16       0.000000000000e+00       0.000000000000e+00       0.000000000000e+00 
  465       8.656633087868e-14       1.629993211273e-15       1.580846445641e-15       6.959769500972e-16       0.000000000000e+00       0.000000000000e+00       0.000000000000e+00 
  466       8.558007355799e-14       1.626614904881e-15       1.742027031932e-15       6.900833737285e-16       0.000000000000e+00       0.000000000000e+00       0.000000000000e+00 
  467       8.468014410041e-14       1.622589140050e-15       1.901421617564e-15       6.841712019908e-16       0.000000000000e+00       0.000000000000e+00       0.000000000000e+00 
  468       8.386478520479e-14       1.617928281809e-15       2.058936625359e-15       6.782433246023e-16       0.000000000000e+00       0.000000000000e+00       0.000000000000e+00 
  469       8.313219416197e-14       1.612645005892e-15       2.214477320636e-15       6.723026764219e-16       0.000000000000e+00       0.000000000000e+00       0.000000000000e+00 
  470       8.248052258426e-14       1.606752300555e-15       2.367947805955e-15       6.663522376755e-16       0.000000000000e+00       0.000000000000e+00       0.000000000000e+00 
  471       8.190787613495e-14       1.600263468405e-15       2.519251015864e-15       6.603950341814e-16       0.000000000000e+00       0.000000000000e+00       0.000000000000e+00 
  472       8.141231425785e-14       1.593192128223e-15       2.668288711643e-15       6.544341375758e-16       0.000000000000e+00       0.000000000000e+00       0.000000000000e+00 
  473       8.099184990675e-14       1.585552216785e-15       2.814961476047e-15       6.484726655386e-16       0.000000000000e+00       0.000000000000e+00       0.000000000000e+00 
  474       8.064444927497e-14       1.577357990690e-15       2.959168708052e-15       6.425137820190e-16       0.000000000000e+00       0.000000000000e+00       0.000000000000e+00 
  475       8.036803152482e-14       1.568624028181e-15       3.100808617601e-15       6.365606974611e-16       0.000000000000e+00       0.000000000000e+00       0.000000000000e+00 
  476       8.016046851716e-14       1.559365230973e-15       3.239778220347e-15       6.306166690292e-16       0.000000000000e+00       0.000000000000e+00       0.000000000000e+00 
  477       8.001958454089e-14       1.549596826069e-15       3.375973332397e-15       6.246850008342e-16       0.000000000000e+00       0.000000000000e+00       0.000000000000e+00 
  478       7.994315604244e-14       1.539334367595e-15       3.509288565061e-15       6.187690441583e-16       0.000000000000e+00       0.000000000000e+00       0.000000000000e+00 
  479       7.992891135527e-14       1.528593738614e-15       3.639617319593e-15       6.128721976812e-16       0.000000000000e+00       0.000000000000e+00       0.000000000000e+00 
  480       7.997453042944e-14       1.517391152956e-15       3.766851781934e-15       6.069979077058e-16       0.000000000000e+00       0.000000000000e+00       0.000000000000e+00 
  481       8.007764456103e-14       1.505743157040e-15       3.890882917463e-15       6.011496683834e-16       0.000000000000e+00       0.000000000000e+00       0.000000000000e+00 
  482       8.023583612173e-14       1.493666631697e-15       4.011600465736e-15       5.953310219394e-16       0.000000000000e+00       0.000000000000e+00       0.000000000000e+00 
  483       8.044663828829e-14       1.481178793998e-15       4.128892935235e-15       5.895455588992e-16       0.000000000000e+00       0.000000000000e+00       0.000000000000e+00 
  484       8.070753477205e-14       1.468297199071e-15       4.242647598108e-15       5.837969183137e-16       0.000000000000e+00       0.000000000000e+00       0.000000000000e+00 
  485       8.101595954844e-14       1.455039741932e-15       4.352750484920e-15       5.780887879848e-16       0.000000000000e+00       0.000000000000e+00       0.000000000000e+00 
  486       8.136929658652e-14       1.441424659305e-15       4.459086379391e-15       5.724249046912e-16       0.000000000000e+00       0.000000000000e+00       0.000000000000e+00 
  487       8.176487957843e-14       1.427470531449e-15       4.561538813147e-15       5.668090544137e-16       0.000000000000e+00       0.000000000000e+00       0.000000000000e+00 
  488       8.219999166893e-14       1.413196283977e-15       4.659990060459e-15       5.612450725612e-16       0.000000000000e+00       0.000000000000e+00       0.000000000000e+00 
  489       8.267186518494e-14       1.398621189685e-15       4.754321132993e-15       5.557368441963e-16       0.000000000000e+00       0.000000000000e+00       0.000000000000e+00 
  490       8.317768136497e-14       1.383764870374e-15       4.844411774551e-15       5.502883042606e-16       0.000000000000e+00       0.000000000000e+00       0.000000000000e+00 
  491       8.371457008871e-14       1.368647298673e-15       4.930140455818e-15       5.449034378004e-16       0.000000000000e+00       0.000000000000e+00       0.000000000000e+00 
  492       8.427960960647e-14       1.353288799865e-15       5.011384369106e-15       5.395862801928e-16       0.000000000000e+00       0.000000000000e+00       0.000000000000e+00 
  493       8.486982626873e-14       1.337710053710e-15       5.088019423099e-15       5.343409173705e-16       0.000000000000e+00       0.000000000000e+00       0.000000000000e+00 
  494       8.548219425563e-14       1.321932096268e-15       5.159920237595e-15       5.291714860482e-16       0.000000000000e+00       0.000000000000e+00       0.000000000000e+00 
  495       8.611363530650e-14       1.305976321726e-15       5.226960138257e-15       5.240821739478e-16       0.000000000000e+00       0.000000000000e+00       0.000000000000e+00 
  496       8.676101844933e-14       1.289864484218e-15       5.289011151351e-15       5.190772200241e-16       0.000000000000e+00       0.000000000000e+00       0.000000000000e+00 
  497       8.742115973030e-14       1.273618699651e-15       5.345943998496e-15       5.141609146903e-16       0.000000000000e+00       0.000000000000e+00       0.000000000000e+00 
  498       8.809082194330e-14       1.257261447530e-15       5.397628091405e-15       5.093376000440e-16       0.000000000000e+00       0.000000000000e+00       0.000000000000e+00 
  499       8.876671435940e-14       1.240815572781e-15       5.443931526632e-15       5.046116700924e-16       0.000000000000e+00       0.000000000000e+00       0.000000000000e+00 
  500       8.944549245640e-14       1.224304287575e-15       5.484721080317e-15       4.999875709781e-16       0.000000000000e+00       0.000000000000e+00       0.000000000000e+00 
