# Matter power spectrum P(k) at redshift z=0
# for k=1.0474e-05 to 5.33843 h/Mpc,
# number of wavenumbers equal to 556
#    1:k (h/Mpc)              2:P (Mpc/h)^3        
       1.047399739424e-05       4.745307688920e+01 
       2.336250838532e-05       1.030043443113e+02 
       3.629644536733e-05       1.576615301018e+02 
       4.931064929801e-05       2.119899783915e+02 
       6.244053849969e-05       2.663178251768e+02 
       7.572242484394e-05       3.208949018219e+02 
       8.919384006336e-05       3.759371921086e+02 
       1.028938765351e-04       4.316453214247e+02 
       1.168635469134e-04       4.882139068886e+02 
       1.311461670236e-04       5.458373386444e+02 
       1.457877664325e-04       6.047137637249e+02 
       1.608375310551e-04       6.650482161635e+02 
       1.763482819706e-04       7.270552530454e+02 
       1.923769942517e-04       7.909613818048e+02 
       2.089853589456e-04       8.570072888192e+02 
       2.262403902557e-04       9.254501006357e+02 
       2.442150782954e-04       9.965655415602e+02 
       2.629890852859e-04       1.070650092600e+03 
       2.826494794894e-04       1.148023068937e+03 
       3.032914961614e-04       1.229028623504e+03 
       3.250193079944e-04       1.314037560185e+03 
       3.479467785117e-04       1.403448786683e+03 
       3.721981602586e-04       1.497690475662e+03 
       3.979086851914e-04       1.597220398453e+03 
       4.252249774036e-04       1.702525536480e+03 
       4.543051987955e-04       1.814120387324e+03 
       4.853188178742e-04       1.932543905610e+03 
       5.184458731504e-04       2.058354401123e+03 
       5.538755897429e-04       2.192122233121e+03 
       5.918042067431e-04       2.334420050886e+03 
       6.324318910830e-04       2.485809744897e+03 
       6.759586590804e-04       2.646826994060e+03 
       7.225793059113e-04       2.817962685781e+03 
       7.724774576338e-04       2.999642229948e+03 
       8.258190031275e-04       3.192203796781e+03 
       8.827453158589e-04       3.395876520289e+03 
       9.433668074951e-04       3.610760842343e+03 
       1.007757429963e-03       3.836813160704e+03 
       1.075950726020e-03       4.073836014111e+03 
       1.147937904017e-03       4.321476286730e+03 
       1.223668191101e-03       4.579231375510e+03 
       1.303051440589e-03       4.846464015334e+03 
       1.385962692868e-03       5.122401345325e+03 
       1.472248174103e-03       5.406206363426e+03 
       1.561732103533e-03       5.696999220880e+03 
       1.654223678037e-03       5.993851530624e+03 
       1.749523693369e-03       6.295829598564e+03 
       1.847430408425e-03       6.602016425023e+03 
       1.947744422557e-03       6.911529118122e+03 
       2.050272484472e-03       7.223532254338e+03 
       2.154830266086e-03       7.537246600798e+03 
       2.261244210094e-03       7.851954714629e+03 
       2.369352599205e-03       8.167002626795e+03 
       2.479006006127e-03       8.481799552915e+03 
       2.590067275647e-03       8.795815847414e+03 
       2.702411171774e-03       9.108579573049e+03 
       2.815923800068e-03       9.419673215047e+03 
       2.930501892115e-03       9.728728138216e+03 
       3.046052018033e-03       1.003542182313e+04 
       3.162489774932e-03       1.033947217518e+04 
       3.279738984739e-03       1.064063402187e+04 
       3.397730923534e-03       1.093869516573e+04 
       3.516403596035e-03       1.123347246845e+04 
       3.635701062727e-03       1.152480912915e+04 
       3.755572822714e-03       1.181257184274e+04 
       3.875973252452e-03       1.209664799981e+04 
       3.996861098527e-03       1.237694280542e+04 
       4.118199021492e-03       1.265337882907e+04 
       4.239953187077e-03       1.292589211955e+04 
       4.362092900839e-03       1.319443149829e+04 
       4.484590282218e-03       1.345895853060e+04 
       4.607419974141e-03       1.371944309966e+04 
       4.730558884477e-03       1.397586194663e+04 
       4.853985955941e-03       1.422819751956e+04 
       4.977681961317e-03       1.447644052540e+04 
       5.101629321184e-03       1.472059745269e+04 
       5.225811941579e-03       1.496074743538e+04 
       5.350215069355e-03       1.519677257339e+04 
       5.474825163172e-03       1.542869596548e+04 
       5.599629778365e-03       1.565667275187e+04 
       5.724617464066e-03       1.588057996277e+04 
       5.849777671198e-03       1.610047470069e+04 
       5.975100670098e-03       1.631641988197e+04 
       6.100577476668e-03       1.652843187727e+04 
       6.226199786102e-03       1.673652455394e+04 
       6.351959913336e-03       1.694068230593e+04 
       6.477850739476e-03       1.714092739742e+04 
       6.603865663537e-03       1.733746539977e+04 
       6.729998558926e-03       1.753015971266e+04 
       6.856243734140e-03       1.771909828120e+04 
       6.982595897239e-03       1.790421739482e+04 
       7.109050123683e-03       1.808570400743e+04 
       7.235601827181e-03       1.826362259615e+04 
       7.362246733251e-03       1.843784688850e+04 
       7.488980855185e-03       1.860851521248e+04 
       7.615800472204e-03       1.877564150117e+04 
       7.742702109556e-03       1.893926319971e+04 
       7.869682520378e-03       1.909941274722e+04 
       7.996738669150e-03       1.925613420466e+04 
       8.123867716568e-03       1.940944709458e+04 
       8.251067005717e-03       1.955941171406e+04 
       8.378334049413e-03       1.970604718484e+04 
       8.505666518602e-03       1.984940859834e+04 
       8.633062231717e-03       1.998951246716e+04 
       8.760519144911e-03       2.012640041143e+04 
       8.888035343073e-03       2.026011399493e+04 
       9.015609031573e-03       2.039070495012e+04 
       9.143238528656e-03       2.051816367367e+04 
       9.270922258437e-03       2.064256351343e+04 
       9.398658744438e-03       2.076392840038e+04 
       9.526446603623e-03       2.088229209297e+04 
       9.654284540897e-03       2.099768617785e+04 
       9.782171344008e-03       2.111014173583e+04 
       9.910105878843e-03       2.121970074873e+04 
       1.003808708507e-02       2.132641030165e+04 
       1.016611397209e-02       2.143027077604e+04 
       1.029418561533e-02       2.153133263864e+04 
       1.042230115273e-02       2.162965384894e+04 
       1.055045978156e-02       2.172520273948e+04 
       1.067866075541e-02       2.181806631029e+04 
       1.080690338146e-02       2.190825964488e+04 
       1.093518701784e-02       2.199581159065e+04 
       1.106351107129e-02       2.208076634052e+04 
       1.119187499492e-02       2.216312155572e+04 
       1.132027828612e-02       2.224295213798e+04 
       1.144872048467e-02       2.232025624740e+04 
       1.157720117094e-02       2.239507070016e+04 
       1.170571996421e-02       2.246744602965e+04 
       1.183427652114e-02       2.253736689947e+04 
       1.196287053431e-02       2.260489653785e+04 
       1.209150173092e-02       2.267006645652e+04 
       1.222016987151e-02       2.273287976262e+04 
       1.234887474879e-02       2.279338909295e+04 
       1.247761618661e-02       2.285160818432e+04 
       1.260639403894e-02       2.290755156094e+04 
       1.273520818894e-02       2.296131635625e+04 
       1.286405854808e-02       2.301284470795e+04 
       1.299294505538e-02       2.306219835952e+04 
       1.312186767667e-02       2.310941282333e+04 
       1.325082640387e-02       2.315451011020e+04 
       1.337982125442e-02       2.319749115036e+04 
       1.350885227064e-02       2.323841045020e+04 
       1.363791951924e-02       2.327728842265e+04 
       1.376702309082e-02       2.331413074509e+04 
       1.389616309942e-02       2.334900016272e+04 
       1.402533968211e-02       2.338188358297e+04 
       1.415455299864e-02       2.341280971870e+04 
       1.428380323108e-02       2.344183996948e+04 
       1.441309058354e-02       2.346897730182e+04 
       1.454241528189e-02       2.349421946081e+04 
       1.467177757354e-02       2.351762288988e+04 
       1.480117772723e-02       2.353921737197e+04 
       1.493061603281e-02       2.355898162758e+04 
       1.506009280116e-02       2.357699174418e+04 
       1.518960836402e-02       2.359325610882e+04 
       1.531916307389e-02       2.360777127027e+04 
       1.544875730396e-02       2.362058160522e+04 
       1.557839144806e-02       2.363171617146e+04 
       1.570806592063e-02       2.364117966256e+04 
       1.583778115670e-02       2.364899012404e+04 
       1.596753761190e-02       2.365520844034e+04 
       1.609733576253e-02       2.365982177556e+04 
       1.622717610556e-02       2.366284379822e+04 
       1.635705915872e-02       2.366431522678e+04 
       1.648698546061e-02       2.366427586807e+04 
       1.661695557079e-02       2.366270112738e+04 
       1.674697006989e-02       2.365965848607e+04 
       1.687702955981e-02       2.365512327740e+04 
       1.700713466382e-02       2.364915542599e+04 
       1.713728602678e-02       2.364175485607e+04 
       1.726748431532e-02       2.363295037664e+04 
       1.739773021808e-02       2.362275197605e+04 
       1.752802444590e-02       2.361119539185e+04 
       1.765836773209e-02       2.359828669768e+04 
       1.778876083270e-02       2.358405365598e+04 
       1.791920452680e-02       2.356850628224e+04 
       1.804969961676e-02       2.355167139594e+04 
       1.818024692859e-02       2.353357615238e+04 
       1.831084731225e-02       2.351421426401e+04 
       1.844150164201e-02       2.349363532577e+04 
       1.857221081681e-02       2.347185121857e+04 
       1.870297576063e-02       2.344884045874e+04 
       1.883379742293e-02       2.342469927317e+04 
       1.896467677901e-02       2.339935504595e+04 
       1.909561483047e-02       2.337289522133e+04 
       1.922661260569e-02       2.334533750097e+04 
       1.935767116022e-02       2.331662632951e+04 
       1.948879157736e-02       2.328688901791e+04 
       1.961997496860e-02       2.325606400455e+04 
       1.975122247416e-02       2.322418853618e+04 
       1.988253526353e-02       2.319126615821e+04 
       2.001391453606e-02       2.315734927868e+04 
       2.014536152151e-02       2.312244320513e+04 
       2.027687748063e-02       2.308652095073e+04 
       2.040846370586e-02       2.304967554054e+04 
       2.054012152189e-02       2.301184638870e+04 
       2.067185228636e-02       2.297310664450e+04 
       2.080365739056e-02       2.293347744700e+04 
       2.093553826011e-02       2.289292200941e+04 
       2.106749635572e-02       2.285148076343e+04 
       2.119953317390e-02       2.280920398066e+04 
       2.133165024778e-02       2.276598893955e+04 
       2.146384914793e-02       2.272208055182e+04 
       2.159613148311e-02       2.267722575238e+04 
       2.172849890123e-02       2.263170115673e+04 
       2.186095309013e-02       2.258528958829e+04 
       2.199349577857e-02       2.253814417395e+04 
       2.212612873714e-02       2.249025925872e+04 
       2.225885377921e-02       2.244156194965e+04 
       2.239167276196e-02       2.239221839211e+04 
       2.252458758737e-02       2.234210669455e+04 
       2.265760020335e-02       2.229130574303e+04 
       2.279071260475e-02       2.223989198185e+04 
       2.292392683455e-02       2.218770808343e+04 
       2.305724498501e-02       2.213492617303e+04 
       2.319066919886e-02       2.208149474560e+04 
       2.332420167054e-02       2.202752510811e+04 
       2.345784464751e-02       2.197276112400e+04 
       2.359160043151e-02       2.191731803875e+04 
       2.372547137999e-02       2.186161301583e+04 
       2.385945990743e-02       2.180477769796e+04 
       2.399356848688e-02       2.174815522680e+04 
       2.412779965139e-02       2.169021103761e+04 
       2.426215599556e-02       2.163261299433e+04 
       2.439664017717e-02       2.157390576962e+04 
       2.453125491877e-02       2.151465224867e+04 
       2.466600300943e-02       2.145508527021e+04 
       2.480088730644e-02       2.139518053864e+04 
       2.493591073717e-02       2.133430303979e+04 
       2.507107630089e-02       2.127336041045e+04 
       2.520638707076e-02       2.121193464446e+04 
       2.534184619575e-02       2.115040031390e+04 
       2.547745690277e-02       2.108774806854e+04 
       2.561322249877e-02       2.102501979462e+04 
       2.574914637295e-02       2.096219743041e+04 
       2.588523199902e-02       2.089814011273e+04 
       2.602148293758e-02       2.083421722672e+04 
       2.615790283856e-02       2.076991669933e+04 
       2.629449544372e-02       2.070532332623e+04 
       2.643126458926e-02       2.064030323450e+04 
       2.656821420854e-02       2.057496921050e+04 
       2.670534833486e-02       2.050942137622e+04 
       2.684267110436e-02       2.044343098190e+04 
       2.698018675902e-02       2.037722616936e+04 
       2.711789964975e-02       2.031077800396e+04 
       2.725581423965e-02       2.024388421866e+04 
       2.739393510727e-02       2.017682170840e+04 
       2.753226695016e-02       2.010945622107e+04 
       2.767081458837e-02       2.004201689881e+04 
       2.780958296823e-02       1.997389780294e+04 
       2.794857716619e-02       1.990585818691e+04 
       2.808780239279e-02       1.983789376075e+04 
       2.822726399688e-02       1.976918337459e+04 
       2.836696746986e-02       1.970037137732e+04 
       2.850691845024e-02       1.963140528400e+04 
       2.864712272822e-02       1.956230758958e+04 
       2.878758625060e-02       1.949296239596e+04 
       2.892831512573e-02       1.942319346674e+04 
       2.906931562883e-02       1.935375308729e+04 
       2.921059420734e-02       1.928387700308e+04 
       2.935215748665e-02       1.921397050434e+04 
       2.949401227593e-02       1.914380195893e+04 
       2.963616557432e-02       1.907347367813e+04 
       2.977862457727e-02       1.900306903828e+04 
       2.992139668320e-02       1.893249654564e+04 
       3.006448950045e-02       1.886187873660e+04 
       3.020791085450e-02       1.879108942700e+04 
       3.035166879551e-02       1.871992125976e+04 
       3.049577160616e-02       1.864925605365e+04 
       3.064022780987e-02       1.857792554188e+04 
       3.078504617938e-02       1.850692881511e+04 
       3.093023574568e-02       1.843606848507e+04 
       3.107580580734e-02       1.836472330599e+04 
       3.122176594031e-02       1.829296677280e+04 
       3.136812600813e-02       1.822150182949e+04 
       3.151489617258e-02       1.815030677065e+04 
       3.166208690490e-02       1.807882204835e+04 
       3.180970899746e-02       1.800688799327e+04 
       3.195777357603e-02       1.793523789947e+04 
       3.210629211263e-02       1.786370338278e+04 
       3.225527643898e-02       1.779222691363e+04 
       3.240473876061e-02       1.772031000769e+04 
       3.255469167168e-02       1.764859234372e+04 
       3.270514817053e-02       1.757686599597e+04 
       3.285612167596e-02       1.750517968946e+04 
       3.300762604446e-02       1.743345246520e+04 
       3.315967558814e-02       1.736167131944e+04 
       3.331228509377e-02       1.728995104174e+04 
       3.346546984268e-02       1.721819350076e+04 
       3.361924563178e-02       1.714647038524e+04 
       3.377362879567e-02       1.707469435252e+04 
       3.392863622994e-02       1.700281640134e+04 
       3.408428541577e-02       1.693118963525e+04 
       3.424059444587e-02       1.685941584777e+04 
       3.439758205181e-02       1.678802496457e+04 
       3.455526763296e-02       1.671627812420e+04 
       3.471367128708e-02       1.664466169776e+04 
       3.487281384258e-02       1.657306751257e+04 
       3.503271689275e-02       1.650154251501e+04 
       3.519340283197e-02       1.643016278128e+04 
       3.535489489404e-02       1.635837492337e+04 
       3.551721719292e-02       1.628694687948e+04 
       3.568039476581e-02       1.621555525113e+04 
       3.584445361901e-02       1.614427918897e+04 
       3.600942077660e-02       1.607305428597e+04 
       3.617532433216e-02       1.600178944307e+04 
       3.634219350386e-02       1.593064394520e+04 
       3.651005869307e-02       1.585936223128e+04 
       3.667895154687e-02       1.578818479580e+04 
       3.684890502463e-02       1.571715571387e+04 
       3.701995346917e-02       1.564595749139e+04 
       3.719213268269e-02       1.557511870905e+04 
       3.736548000800e-02       1.550393405772e+04 
       3.754003441543e-02       1.543304401372e+04 
       3.771583659587e-02       1.536218317928e+04 
       3.789292906059e-02       1.529132508015e+04 
       3.807135624826e-02       1.522073002453e+04 
       3.825116463995e-02       1.514977931318e+04 
       3.843240288273e-02       1.507924234455e+04 
       3.861512192270e-02       1.500852174526e+04 
       3.879937514834e-02       1.493773872413e+04 
       3.898521854505e-02       1.486716792934e+04 
       3.917271086201e-02       1.479656688000e+04 
       3.936191379260e-02       1.472592256435e+04 
       3.955289216957e-02       1.465545664238e+04 
       3.974571417650e-02       1.458488605806e+04 
       3.994045157728e-02       1.451439166312e+04 
       4.013717996522e-02       1.444380556169e+04 
       4.033597903410e-02       1.437334003008e+04 
       4.053693287334e-02       1.430304289961e+04 
       4.074013028983e-02       1.423236282823e+04 
       4.094566515955e-02       1.416176990839e+04 
       4.115363681204e-02       1.409136854706e+04 
       4.136415045166e-02       1.402065531058e+04 
       4.157731761973e-02       1.395003115391e+04 
       4.179325670246e-02       1.387955331366e+04 
       4.201209349005e-02       1.380862231386e+04 
       4.223396179330e-02       1.373794460233e+04 
       4.245900412479e-02       1.366711720337e+04 
       4.268737245281e-02       1.359610644227e+04 
       4.291922903745e-02       1.352524334152e+04 
       4.315474735972e-02       1.345421631532e+04 
       4.339411315605e-02       1.338286321759e+04 
       4.363752557277e-02       1.331139379234e+04 
       4.388519845727e-02       1.324016406599e+04 
       4.413736180540e-02       1.316829315578e+04 
       4.439426338800e-02       1.309656169722e+04 
       4.465617058316e-02       1.302469267557e+04 
       4.492337244581e-02       1.295230831521e+04 
       4.519618205152e-02       1.287996698156e+04 
       4.547493915853e-02       1.280729969315e+04 
       4.576001323983e-02       1.273429760211e+04 
       4.605180694754e-02       1.266106788098e+04 
       4.635076008360e-02       1.258731285015e+04 
       4.665735416583e-02       1.251338348243e+04 
       4.697211769687e-02       1.243910531878e+04 
       4.729563226577e-02       1.236455631577e+04 
       4.762853964011e-02       1.228910896961e+04 
       4.797155004166e-02       1.221321603760e+04 
       4.832545184151e-02       1.213694806330e+04 
       4.869112296589e-02       1.206009902074e+04 
       4.906954437209e-02       1.198239118350e+04 
       4.946181604150e-02       1.190397877066e+04 
       4.986917604657e-02       1.182515024078e+04 
       5.029302338927e-02       1.174472205282e+04 
       5.073494548741e-02       1.166370211974e+04 
       5.119675141300e-02       1.158145256120e+04 
       5.168051227732e-02       1.149799565452e+04 
       5.218861052537e-02       1.141312991340e+04 
       5.272380036435e-02       1.132663076669e+04 
       5.328928212303e-02       1.123839904403e+04 
       5.388879402583e-02       1.114803620162e+04 
       5.452672564971e-02       1.105535238735e+04 
       5.520825813727e-02       1.096000473501e+04 
       5.593953686750e-02       1.086114618868e+04 
       5.672788228729e-02       1.075846334555e+04 
       5.758204304480e-02       1.065150101215e+04 
       5.851249058419e-02       1.053803945770e+04 
       5.953174247886e-02       1.041779664958e+04 
       6.065467690925e-02       1.028859990643e+04 
       6.189875334984e-02       1.014796163057e+04 
       6.328397324653e-02       9.992967943106e+03 
       6.483229503510e-02       9.818251833523e+03 
       6.656609166002e-02       9.619295254280e+03 
       6.850522860433e-02       9.389166598492e+03 
       7.066270377256e-02       9.121470271098e+03 
       7.303977469626e-02       8.809964868764e+03 
       7.562279086753e-02       8.452512578386e+03 
       7.838419058473e-02       8.053290156567e+03 
       8.128805339894e-02       7.621384615315e+03 
       8.429754016889e-02       7.171846766053e+03 
       8.738066967248e-02       6.722871188569e+03 
       9.051281099865e-02       6.291269865528e+03 
       9.367651953395e-02       5.891654558997e+03 
       9.686011928358e-02       5.534254808922e+03 
       1.000560781128e-01       5.224490027522e+03 
       1.032596495907e-01       4.963653898602e+03 
       1.064678861146e-01       4.748934627058e+03 
       1.096789735490e-01       4.574795267281e+03 
       1.128918014135e-01       4.433487673156e+03 
       1.161056921248e-01       4.316153190826e+03 
       1.193202329720e-01       4.213436015522e+03 
       1.225351727791e-01       4.116487172965e+03 
       1.257503586933e-01       4.017897212873e+03 
       1.289656976459e-01       3.911535639563e+03 
       1.321811328988e-01       3.794030495815e+03 
       1.353966297907e-01       3.664225241890e+03 
       1.386121670777e-01       3.523217313405e+03 
       1.418277316753e-01       3.373812170317e+03 
       1.450433154658e-01       3.220497643038e+03 
       1.482589133599e-01       3.067527556981e+03 
       1.514745221185e-01       2.919747282093e+03 
       1.546901396369e-01       2.781155430027e+03 
       1.579057645101e-01       2.654800735511e+03 
       1.611213957669e-01       2.542937220354e+03 
       1.643370327084e-01       2.445816822582e+03 
       1.675526748093e-01       2.363345240482e+03 
       1.707683216567e-01       2.294138037361e+03 
       1.739839729127e-01       2.236074438090e+03 
       1.771996282914e-01       2.186565867888e+03 
       1.804152875435e-01       2.142860239172e+03 
       1.836309504475e-01       2.102251159516e+03 
       1.868466168035e-01       2.062457661651e+03 
       1.900622864287e-01       2.020918458067e+03 
       1.932779591549e-01       1.976104799827e+03 
       1.964936348265e-01       1.927202285412e+03 
       1.997093132987e-01       1.874046267578e+03 
       2.029249944365e-01       1.817362648067e+03 
       2.061406781136e-01       1.758362726744e+03 
       2.093563642120e-01       1.698291643292e+03 
       2.125720526206e-01       1.638867061422e+03 
       2.157877432353e-01       1.581312101423e+03 
       2.190034359582e-01       1.526974502097e+03 
       2.222191306970e-01       1.476559685472e+03 
       2.254348273649e-01       1.430663088892e+03 
       2.286505258798e-01       1.389529713593e+03 
       2.318662261645e-01       1.353096667869e+03 
       2.350819281457e-01       1.320982264944e+03 
       2.382976317543e-01       1.292648526559e+03 
       2.415133369249e-01       1.267206196010e+03 
       2.447290435956e-01       1.243864688953e+03 
       2.479447517075e-01       1.221627122729e+03 
       2.511604612049e-01       1.199749497137e+03 
       2.543761720350e-01       1.177582289212e+03 
       2.575918841476e-01       1.154599629735e+03 
       2.608075974950e-01       1.130575432349e+03 
       2.640233120316e-01       1.105473327962e+03 
       2.672390277144e-01       1.079471998271e+03 
       2.704547445023e-01       1.052702147813e+03 
       2.736704623560e-01       1.025639584686e+03 
       2.768861812382e-01       9.986972277710e+02 
       2.801019011133e-01       9.723483817013e+02 
       2.833176219472e-01       9.469988437057e+02 
       2.865333437076e-01       9.230328037976e+02 
       2.897490663633e-01       9.006675136342e+02 
       2.929647898848e-01       8.799739424778e+02 
       2.961805142437e-01       8.609653133684e+02 
       2.993962394129e-01       8.434892255946e+02 
       3.026119653664e-01       8.273524020131e+02 
       3.058276920793e-01       8.123108289800e+02 
       3.090434195278e-01       7.981457080128e+02 
       3.122591476891e-01       7.845011043890e+02 
       3.154748765413e-01       7.712114954565e+02 
       3.186906060633e-01       7.580175960262e+02 
       3.219063362349e-01       7.447670092551e+02 
       3.251220670369e-01       7.313210363951e+02 
       3.283377984505e-01       7.176484246717e+02 
       3.315535304579e-01       7.037677361284e+02 
       3.347692630419e-01       6.897716065612e+02 
       3.379849961860e-01       6.757449821296e+02 
       3.412007298743e-01       6.618574979153e+02 
       3.444164640914e-01       6.482514442531e+02 
       3.476321988226e-01       6.349941033346e+02 
       3.508479340537e-01       6.222001600890e+02 
       3.540636697711e-01       6.099565166832e+02 
       3.572794059615e-01       5.982984897580e+02 
       3.604951426121e-01       5.872450656239e+02 
       3.637108797109e-01       5.768098678978e+02 
       3.669266172458e-01       5.669316174207e+02 
       3.701423552056e-01       5.575327451923e+02 
       3.733580935792e-01       5.485113584132e+02 
       3.765738323559e-01       5.397682958796e+02 
       3.797895715254e-01       5.312355789899e+02 
       3.830053110779e-01       5.228394841747e+02 
       3.862210510036e-01       5.145279702328e+02 
       3.894367912934e-01       5.062705226690e+02 
       3.926525319383e-01       4.980793254489e+02 
       3.958682729295e-01       4.898658924826e+02 
       3.990840142586e-01       4.817306157285e+02 
       4.022997559176e-01       4.736134492036e+02 
       4.055154978985e-01       4.655986300477e+02 
       4.087312401937e-01       4.577175216052e+02 
       4.119469827958e-01       4.499913919503e+02 
       4.151627256977e-01       4.424466291973e+02 
       4.183784688924e-01       4.351486684666e+02 
       4.215942123732e-01       4.280949838986e+02 
       4.248099561336e-01       4.212436240380e+02 
       4.280257001673e-01       4.146499320182e+02 
       4.312414444680e-01       4.082668729069e+02 
       4.344571890299e-01       4.020688464938e+02 
       4.376729338472e-01       3.960924414030e+02 
       4.408886789143e-01       3.902908102194e+02 
       4.441044242257e-01       3.846232960327e+02 
       4.473201697761e-01       3.790884360340e+02 
       4.505359155605e-01       3.736543751373e+02 
       4.537516615738e-01       3.682967402700e+02 
       4.569674078111e-01       3.630036363313e+02 
       4.601831542678e-01       3.577680388565e+02 
       4.633989009392e-01       3.525909815392e+02 
       4.666146478210e-01       3.474763742020e+02 
       4.698303949087e-01       3.424290120552e+02 
       4.730461421982e-01       3.374542606371e+02 
       4.762618896854e-01       3.325576810110e+02 
       4.794776373662e-01       3.277461849757e+02 
       4.826933852369e-01       3.230300791533e+02 
       4.859091332935e-01       3.184199285353e+02 
       4.891248815325e-01       3.139249252477e+02 
       4.923406299502e-01       3.095579063518e+02 
       4.955563785432e-01       3.052940105368e+02 
       4.987721273080e-01       3.011504246004e+02 
       5.019878762414e-01       2.971092422536e+02 
       5.052036253400e-01       2.931596909897e+02 
       5.084193746009e-01       2.892924345532e+02 
       5.116351240208e-01       2.855004555373e+02 
       5.148508735968e-01       2.817781797781e+02 
       5.180666233261e-01       2.781195088241e+02 
       5.212823732057e-01       2.745186287751e+02 
       5.244981232328e-01       2.709691488106e+02 
       5.277138734048e-01       2.674661999746e+02 
       5.309296237191e-01       2.640078289566e+02 
       5.341453741730e-01       2.605955322766e+02 
       5.373611247640e-01       2.572333857360e+02 
       5.405768754897e-01       2.539263203501e+02 
       5.437926263477e-01       2.506785930426e+02 
       5.470083773357e-01       2.474917818485e+02 
       5.502241284513e-01       2.443653035460e+02 
       5.534398796923e-01       2.412976302270e+02 
       5.566556310566e-01       2.382873392951e+02 
       5.598713825420e-01       2.353342222203e+02 
       5.630871341465e-01       2.324385049881e+02 
       5.663028858679e-01       2.296008848387e+02 
       5.935034701168e-01       2.075234494447e+02 
       6.242416500089e-01       1.858382250413e+02 
       6.597764527639e-01       1.646161771691e+02 
       7.021560361783e-01       1.434440794148e+02 
       7.549641138890e-01       1.220628682651e+02 
       8.250323301811e-01       9.999707067111e+01 
       9.264753413610e-01       7.684576587809e+01 
       1.087785842744e+00       5.311500269169e+01 
       1.342694447204e+00       3.245541720537e+01 
       1.688188886970e+00       1.881594910950e+01 
       2.125267276842e+00       1.077835655861e+01 
       2.675552862528e+00       6.123448614226e+00 
       3.368321489182e+00       3.453475049659e+00 
       4.240465517823e+00       1.934621232971e+00 
       5.338429798225e+00       1.077199786667e+00 
