# dimensionless total [l(l+1)/2pi] C_l's
# for l=2 to 508, i.e. number of multipoles equal to 507
#
# -> if you prefer output in CAMB/HealPix/LensPix units/order, set 'format' to 'camb' in input file
# -> if you don't want to see such a header, set 'headers' to 'no' in input file
# -> for CMB lensing (phi), these are C_l^phi-phi for the lensing potential.
#    Remember the conversion factors:
#    C_l^dd (deflection) = l(l+1) C_l^phi-phi
#    C_l^gg (shear/convergence) = 1/4 (l(l+1))^2 C_l^phi-phi
#
# 1:l     2:TT                     3:EE                     4:TE                     5:BB                     6:phiphi                 7:TPhi                   8:Ephi               
    2       1.098771636821e-06       4.178035973845e-15       1.893796469394e-13       0.000000000000e+00       4.837488847344e-03       4.955885227041e-05      -1.823458234569e-12 
    3       1.853830819315e-06       5.371263143494e-15      -3.350554916861e-13       0.000000000000e+00       4.072822921986e-03       5.270896493746e-05      -1.358886820203e-12 
    4       2.759415568528e-06       4.727987860767e-15      -1.739303630204e-12       0.000000000000e+00       3.146855740574e-03       5.218167461779e-05      -8.631490863531e-13 
    5       3.832810293764e-06       3.439765850370e-15      -4.528536147549e-12       0.000000000000e+00       2.562081043454e-03       5.185003132143e-05      -5.105249771283e-13 
    6       5.056662848422e-06       2.718032626111e-15      -9.330987357542e-12       0.000000000000e+00       2.181817355250e-03       5.147540504259e-05      -2.214663663955e-13 
    7       6.448205684817e-06       3.318183835238e-15      -1.697564007859e-11       0.000000000000e+00       1.898184030520e-03       5.094598208733e-05       1.063786977399e-13 
    8       7.989904796647e-06       5.720739669739e-15      -2.833773323646e-11       0.000000000000e+00       1.676135117577e-03       5.041627642907e-05       2.360543391206e-13 
    9       9.710615328602e-06       1.054882089852e-14      -4.459670598329e-11       0.000000000000e+00       1.500895834352e-03       4.987770577635e-05       1.604738304030e-14 
   10       1.157138711133e-05       1.889207569426e-14      -6.681443891429e-11       0.000000000000e+00       1.360074089325e-03       4.929652875131e-05      -3.310689346118e-14 
   11       1.362308248191e-05       3.242687361111e-14      -9.654690449938e-11       0.000000000000e+00       1.303399739379e-03       4.788987950774e-05       3.698755514241e-13 
   12       1.580989092556e-05       5.347051426545e-14      -1.350150100576e-10       0.000000000000e+00       1.200737453753e-03       4.732467850051e-05       3.735658425541e-13 
   13       1.819931565493e-05       8.504025125253e-14      -1.842240354506e-10       0.000000000000e+00       1.113039767027e-03       4.672940507007e-05      -3.231648185263e-13 
   14       2.070606016126e-05       1.309355781818e-13      -2.453931934785e-10       0.000000000000e+00       1.037239406223e-03       4.606164633209e-05      -3.908550911132e-13 
   15       2.343166588624e-05       1.959975110447e-13      -3.210363333795e-10       0.000000000000e+00       9.710528726919e-04       4.542173094552e-05       6.365135261053e-13 
   16       2.626915270690e-05       2.860642157412e-13      -4.123890400301e-10       0.000000000000e+00       9.127454239179e-04       4.486554550273e-05       8.456236646705e-13 
   17       2.933811248173e-05       4.084540118326e-13      -5.226530742605e-10       0.000000000000e+00       8.609758043898e-04       4.428415572807e-05      -4.724748206276e-13 
   18       3.255230817747e-05       5.717858859392e-13      -6.532158983618e-10       0.000000000000e+00       8.145448860139e-04       4.362557577173e-05      -1.060410352505e-13 
   19       3.590422572404e-05       7.863643290328e-13      -8.063591964693e-10       0.000000000000e+00       7.730519427559e-04       4.297585210313e-05       1.010886016504e-12 
   20       3.944021614811e-05       1.064306062383e-12      -9.850009048962e-10       0.000000000000e+00       7.353491924397e-04       4.241682014018e-05       4.432063292087e-13 
   21       4.315517593120e-05       1.419812396006e-12      -1.191752167390e-09       0.000000000000e+00       7.011350436359e-04       4.187730748961e-05      -5.128536520279e-13 
   22       4.702855359497e-05       1.869221298821e-12      -1.429209641509e-09       0.000000000000e+00       6.698087868291e-04       4.123673576103e-05       3.529459385016e-13 
   23       5.106897357528e-05       2.431088714541e-12      -1.700254176930e-09       0.000000000000e+00       6.411618808585e-04       4.057903812891e-05       1.522574191055e-12 
   24       5.529069417656e-05       3.126489334376e-12      -2.007949934353e-09       0.000000000000e+00       6.147398182324e-04       4.002834731066e-05       6.362613927231e-13 
   25       5.967824973083e-05       3.979690329284e-12      -2.355477782654e-09       0.000000000000e+00       5.903392475760e-04       3.953229183638e-05      -8.599110118604e-13 
   26       6.421017632827e-05       5.018083999193e-12      -2.746126531355e-09       0.000000000000e+00       5.676216169469e-04       3.898067031337e-05      -4.932781720502e-13 
   27       6.889887941417e-05       6.272369023610e-12      -3.183215646225e-09       0.000000000000e+00       5.465837559593e-04       3.837594710434e-05       1.504298009208e-12 
   28       7.377222884479e-05       7.776659919121e-12      -3.670138882282e-09       0.000000000000e+00       5.270759686487e-04       3.775477326200e-05       3.790383696799e-12 
   29       7.885563310588e-05       9.568889708459e-12      -4.210541175550e-09       0.000000000000e+00       5.087385742555e-04       3.714997280242e-05       4.936638392545e-12 
   30       8.413535856073e-05       1.169188658728e-11      -4.808884621309e-09       0.000000000000e+00       4.915510880471e-04       3.657414620498e-05       4.712974988138e-12 
   31       8.957995792221e-05       1.419305649913e-11      -5.470129150823e-09       0.000000000000e+00       4.754539628065e-04       3.602801928951e-05       3.309508290675e-12 
   32       9.515958484554e-05       1.712481813251e-11      -6.199347104279e-09       0.000000000000e+00       4.602652287792e-04       3.550545242156e-05       1.039507388987e-12 
   33       1.008835286771e-04       2.054635507117e-11      -7.000814444760e-09       0.000000000000e+00       4.459592357639e-04       3.500010990444e-05      -1.589295355426e-12 
   34       1.067767467598e-04       2.452292022047e-11      -7.878579313358e-09       0.000000000000e+00       4.324633389130e-04       3.449974933428e-05      -3.901414608077e-12 
   35       1.128640414496e-04       2.912644068035e-11      -8.836914821188e-09       0.000000000000e+00       4.196352668270e-04       3.398971967151e-05      -5.243236873163e-12 
   36       1.191475169851e-04       3.443829464074e-11      -9.881105051333e-09       0.000000000000e+00       4.074829106248e-04       3.347391051770e-05      -5.613930076909e-12 
   37       1.256214139894e-04       4.054800912624e-11      -1.101693637064e-08       0.000000000000e+00       3.960042394421e-04       3.296029681228e-05      -5.252682199553e-12 
   38       1.322778769637e-04       4.755294725493e-11      -1.225050280545e-08       0.000000000000e+00       3.851193650731e-04       3.245507191768e-05      -4.479111995610e-12 
   39       1.391085823395e-04       5.555879182370e-11      -1.358782226408e-08       0.000000000000e+00       3.747101149355e-04       3.196203924338e-05      -3.645967775328e-12 
   40       1.461106784491e-04       6.468038883274e-11      -1.503350190646e-08       0.000000000000e+00       3.647735064215e-04       3.148114353933e-05      -2.963485973555e-12 
   41       1.532826039563e-04       7.504174611016e-11      -1.659163548903e-08       0.000000000000e+00       3.553078559200e-04       3.100902167841e-05      -2.625007887820e-12 
   42       1.606224521532e-04       8.677624445379e-11      -1.826613930190e-08       0.000000000000e+00       3.462661381262e-04       3.053904547765e-05      -2.856821078130e-12 
   43       1.681292202302e-04       1.000276156979e-10      -2.006131389703e-08       0.000000000000e+00       3.375810555933e-04       3.006405035112e-05      -3.788914602201e-12 
   44       1.758070772490e-04       1.149524207268e-10      -2.198378483121e-08       0.000000000000e+00       3.292591798232e-04       2.958619812815e-05      -5.014764438270e-12 
   45       1.836623880348e-04       1.317189280169e-10      -2.404113414237e-08       0.000000000000e+00       3.213093391313e-04       2.910971978205e-05      -5.897363310692e-12 
   46       1.917026123243e-04       1.505069239642e-10      -2.624138848652e-08       0.000000000000e+00       3.137139145879e-04       2.863808998885e-05      -5.682072298734e-12 
   47       1.999363621590e-04       1.715080987261e-10      -2.859303638869e-08       0.000000000000e+00       3.064266380085e-04       2.817393899285e-05      -3.490156487934e-12 
   48       2.083710057783e-04       1.949256720099e-10      -3.110438092620e-08       0.000000000000e+00       2.993911625272e-04       2.771931578971e-05       1.315428027920e-12 
   49       2.170045466800e-04       2.209722454045e-10      -3.378134175413e-08       0.000000000000e+00       2.926081025340e-04       2.727677105036e-05       7.895660660025e-12 
   50       2.258315539745e-04       2.498720075665e-10      -3.662906313674e-08       0.000000000000e+00       2.860831081743e-04       2.684842803520e-05       1.483298151674e-11 
   51       2.348453499002e-04       2.818617799385e-10      -3.965250817423e-08       0.000000000000e+00       2.798066286384e-04       2.643558944676e-05       2.046094336192e-11 
   52       2.440379420381e-04       3.171913638120e-10      -4.285644214712e-08       0.000000000000e+00       2.737527699767e-04       2.603866721962e-05       2.285168354769e-11 
   53       2.534018903442e-04       3.561317410050e-10      -4.624630086330e-08       0.000000000000e+00       2.678904514587e-04       2.565697862514e-05       2.036037783293e-11 
   54       2.629366279117e-04       3.990013526692e-10      -4.983109618090e-08       0.000000000000e+00       2.622228717875e-04       2.528823464816e-05       1.345180344796e-11 
   55       2.726436474082e-04       4.461471827723e-10      -5.362122859152e-08       0.000000000000e+00       2.567562006759e-04       2.492879768385e-05       3.321629043658e-12 
   56       2.825247215640e-04       4.979381571007e-10      -5.762768760638e-08       0.000000000000e+00       2.514875561903e-04       2.457372959843e-05      -8.608873031450e-12 
   57       2.925819165122e-04       5.547658196153e-10      -6.186207220772e-08       0.000000000000e+00       2.464043782278e-04       2.421671591380e-05      -2.068200126018e-11 
   58       3.028176051271e-04       6.170450088065e-10      -6.633661130026e-08       0.000000000000e+00       2.414838019948e-04       2.384998999221e-05      -3.099279948573e-11 
   59       3.132343253603e-04       6.852131200478e-10      -7.106360734635e-08       0.000000000000e+00       2.367007644385e-04       2.346699209384e-05      -3.789044002215e-11 
   60       3.238342865345e-04       7.597261564851e-10      -7.605356994390e-08       0.000000000000e+00       2.320559448464e-04       2.307123984049e-05      -4.164292794987e-11 
   61       3.346197717674e-04       8.410629547784e-10      -8.131668418435e-08       0.000000000000e+00       2.275532171290e-04       2.266938740586e-05      -4.314054529022e-11 
   62       3.455932908142e-04       9.297271340595e-10      -8.686335023880e-08       0.000000000000e+00       2.231911636386e-04       2.226868831456e-05      -4.342403781113e-11 
   63       3.567575881524e-04       1.026247724355e-09      -9.270418425628e-08       0.000000000000e+00       2.189627446791e-04       2.187701233440e-05      -4.369115255893e-11 
   64       3.681156510666e-04       1.131179795009e-09      -9.885001926215e-08       0.000000000000e+00       2.148549680171e-04       2.150286236857e-05      -4.530317539013e-11 
   65       3.796702885065e-04       1.245109288008e-09      -1.053119704666e-07       0.000000000000e+00       2.108537261385e-04       2.115349222837e-05      -4.941027541349e-11 
   66       3.914227458364e-04       1.368667296157e-09      -1.121016452486e-07       0.000000000000e+00       2.069602410628e-04       2.082875869113e-05      -5.572063110753e-11 
   67       4.033738102992e-04       1.502519941073e-09      -1.192309793800e-07       0.000000000000e+00       2.031775217657e-04       2.052599376390e-05      -6.348154263272e-11 
   68       4.155242105077e-04       1.647365167207e-09      -1.267121791894e-07       0.000000000000e+00       1.995053212816e-04       2.024175336016e-05      -7.183357481007e-11 
   69       4.278746125232e-04       1.803933487889e-09      -1.345577242617e-07       0.000000000000e+00       1.959399507666e-04       1.997178106983e-05      -7.980643190920e-11 
   70       4.404256159339e-04       1.972988731372e-09      -1.427803701384e-07       0.000000000000e+00       1.924740935606e-04       1.971097192930e-05      -8.631483243631e-11 
   71       4.531777499334e-04       2.155328786869e-09      -1.513931510177e-07       0.000000000000e+00       1.890966192498e-04       1.945333619139e-05      -9.015438392221e-11 
   72       4.661312797307e-04       2.351792533545e-09      -1.604100563936e-07       0.000000000000e+00       1.857962611334e-04       1.919338887019e-05      -9.033210908414e-11 
   73       4.792855914754e-04       2.563280509370e-09      -1.698482053385e-07       0.000000000000e+00       1.825738790308e-04       1.893070767416e-05      -8.714064170709e-11 
   74       4.926396816325e-04       2.790739576332e-09      -1.797260963969e-07       0.000000000000e+00       1.794322252605e-04       1.866618856823e-05      -8.128372771043e-11 
   75       5.061923280780e-04       3.035157961148e-09      -1.900629884041e-07       0.000000000000e+00       1.763721937281e-04       1.840069390298e-05      -7.356329872530e-11 
   76       5.199420818473e-04       3.297566142463e-09      -2.008789185734e-07       0.000000000000e+00       1.733927221940e-04       1.813504873665e-05      -6.488298732498e-11 
   77       5.338872588833e-04       3.579037738060e-09      -2.121947205825e-07       0.000000000000e+00       1.704906945416e-04       1.787003715702e-05      -5.625164225524e-11 
   78       5.480259317842e-04       3.880690392064e-09      -2.240320426604e-07       0.000000000000e+00       1.676608430457e-04       1.760639860336e-05      -4.878684366463e-11 
   79       5.623559215521e-04       4.203686662147e-09      -2.364133656743e-07       0.000000000000e+00       1.648956506403e-04       1.734482418841e-05      -4.371841833489e-11 
   80       5.768757514780e-04       4.549235568091e-09      -2.493612493375e-07       0.000000000000e+00       1.621877441053e-04       1.708587502251e-05      -4.208022257778e-11 
   81       5.915877177292e-04       4.918595595328e-09      -2.628958802834e-07       0.000000000000e+00       1.595377672741e-04       1.682972894283e-05      -4.371611399835e-11 
   82       6.064953394514e-04       5.313073835067e-09      -2.770371291997e-07       0.000000000000e+00       1.569477031250e-04       1.657638287931e-05      -4.810695963956e-11 
   83       6.216024534133e-04       5.734026254848e-09      -2.918052886199e-07       0.000000000000e+00       1.544184534986e-04       1.632572190227e-05      -5.466481274940e-11 
   84       6.369132235717e-04       6.182858597993e-09      -3.072210767166e-07       0.000000000000e+00       1.519497874940e-04       1.607751409994e-05      -6.273065519028e-11 
   85       6.524321506373e-04       6.661027283065e-09      -3.233056410940e-07       0.000000000000e+00       1.495402898648e-04       1.583140545598e-05      -7.157213984834e-11 
   86       6.681640816400e-04       7.170040303312e-09      -3.400805625806e-07       0.000000000000e+00       1.471873094154e-04       1.558691472706e-05      -8.038133304284e-11 
   87       6.841142194944e-04       7.711458126131e-09      -3.575678590219e-07       0.000000000000e+00       1.448869073977e-04       1.534342832035e-05      -8.827245693551e-11 
   88       7.002881325652e-04       8.286894592511e-09      -3.757899890733e-07       0.000000000000e+00       1.426338059063e-04       1.510019517108e-05      -9.427963193987e-11 
   89       7.166908828581e-04       8.898011468116e-09      -3.947708382722e-07       0.000000000000e+00       1.404229833408e-04       1.485665016038e-05      -9.760428771392e-11 
   90       7.333242330116e-04       9.546499156320e-09      -4.145388462600e-07       0.000000000000e+00       1.382548600967e-04       1.461345367725e-05      -9.840679555925e-11 
   91       7.501890167580e-04       1.023409460276e-08      -4.351243793896e-07       0.000000000000e+00       1.361308350496e-04       1.437160645097e-05      -9.713543565876e-11 
   92       7.672859777081e-04       1.096258816747e-08      -4.565588103652e-07       0.000000000000e+00       1.340516843529e-04       1.413213533006e-05      -9.428924529833e-11 
   93       7.846157657120e-04       1.173382442927e-08      -4.788745367511e-07       0.000000000000e+00       1.320175345097e-04       1.389609308170e-05      -9.041950162943e-11 
   94       8.021789332209e-04       1.254970299008e-08      -5.021049994806e-07       0.000000000000e+00       1.300278354434e-04       1.366455819127e-05      -8.613120443178e-11 
   95       8.199759316481e-04       1.341217927926e-08      -5.262847013639e-07       0.000000000000e+00       1.280813335696e-04       1.343863466184e-05      -8.208455887603e-11 
   96       8.380071077305e-04       1.432326535800e-08      -5.514492255967e-07       0.000000000000e+00       1.261760448675e-04       1.321945181362e-05      -7.899645828640e-11 
   97       8.562726998901e-04       1.528503072362e-08      -5.776352542693e-07       0.000000000000e+00       1.243092279507e-04       1.300816408346e-05      -7.764196690335e-11 
   98       8.747728345952e-04       1.629960311392e-08      -6.048805868744e-07       0.000000000000e+00       1.224773571392e-04       1.280595082437e-05      -7.885580264623e-11 
   99       8.935079048652e-04       1.736914278227e-08      -6.332221590704e-07       0.000000000000e+00       1.206771453022e-04       1.261371458236e-05      -8.333418814301e-11 
  100       9.124797748236e-04       1.849575942641e-08      -6.626897387617e-07       0.000000000000e+00       1.189088359046e-04       1.243112759734e-05      -9.100517457973e-11 
  101       9.316907397935e-04       1.968158493280e-08      -6.933113673518e-07       0.000000000000e+00       1.171733293948e-04       1.225744924649e-05      -1.015714692614e-10 
  102       9.511431603565e-04       2.092879933293e-08      -7.251152741722e-07       0.000000000000e+00       1.154711610069e-04       1.209181171159e-05      -1.147011853892e-10 
  103       9.708394633460e-04       2.223963128600e-08      -7.581298707516e-07       0.000000000000e+00       1.138024865573e-04       1.193321612363e-05      -1.300269050448e-10 
  104       9.907821428406e-04       2.361635856181e-08      -7.923837450852e-07       0.000000000000e+00       1.121670682399e-04       1.178052870752e-05      -1.471447421743e-10 
  105       1.010973761157e-03       2.506130852347e-08      -8.279056559038e-07       0.000000000000e+00       1.105642604225e-04       1.163247692672e-05      -1.656134055721e-10 
  106       1.031416949846e-03       2.657685861020e-08      -8.647245269428e-07       0.000000000000e+00       1.089929954422e-04       1.148764562796e-05      -1.849532618654e-10 
  107       1.052114410680e-03       2.816543682009e-08      -9.028694412117e-07       0.000000000000e+00       1.074517694015e-04       1.134447318584e-05      -2.046453984981e-10 
  108       1.073068916653e-03       2.982952219293e-08      -9.423696352631e-07       0.000000000000e+00       1.059386279643e-04       1.120124764756e-05      -2.241306867147e-10 
  109       1.094283312972e-03       3.157164529293e-08      -9.832544934618e-07       0.000000000000e+00       1.044511521513e-04       1.105610287756e-05      -2.428088445445e-10 
  110       1.115760420200e-03       3.339433175653e-08      -1.025552408181e-06       0.000000000000e+00       1.029871445512e-04       1.090745341681e-05      -2.601824614954e-10 
  111       1.137502727479e-03       3.529992368875e-08      -1.069287206894e-06       0.000000000000e+00       1.015468182390e-04       1.075537058449e-05      -2.763120320063e-10 
  112       1.159512661727e-03       3.729073620659e-08      -1.114481254977e-06       0.000000000000e+00       1.001308627129e-04       1.060037609177e-05      -2.914176737550e-10 
  113       1.181792682002e-03       3.936911225486e-08      -1.161156532221e-06       0.000000000000e+00       9.873976128431e-05       1.044301952120e-05      -3.057398537182e-10 
  114       1.204345279539e-03       4.153742252943e-08      -1.209334615960e-06       0.000000000000e+00       9.737378375728e-05       1.028387878313e-05      -3.195398758408e-10 
  115       1.227172977775e-03       4.379806540042e-08      -1.259036664188e-06       0.000000000000e+00       9.603297910827e-05       1.012356057198e-05      -3.331003687053e-10 
  116       1.250278332390e-03       4.615346683543e-08      -1.310283398689e-06       0.000000000000e+00       9.471716816554e-05       9.962700822682e-06      -3.467257732005e-10 
  117       1.273663931331e-03       4.860608032278e-08      -1.363095088156e-06       0.000000000000e+00       9.342593628876e-05       9.801965166990e-06      -3.607428301911e-10 
  118       1.297332394846e-03       5.115838679469e-08      -1.417491531318e-06       0.000000000000e+00       9.215862604852e-05       9.642049389852e-06      -3.755010681867e-10 
  119       1.321286375517e-03       5.381289455055e-08      -1.473492040059e-06       0.000000000000e+00       9.091432990587e-05       9.483679885777e-06      -3.913732910112e-10 
  120       1.345528558292e-03       5.657213918011e-08      -1.531115422546e-06       0.000000000000e+00       8.969188289188e-05       9.327614115186e-06      -4.087560654716e-10 
  121       1.370061660514e-03       5.943868348670e-08      -1.590379966350e-06       0.000000000000e+00       8.848985528717e-05       9.174641060776e-06      -4.280702090274e-10 
  122       1.394888431956e-03       6.241511741048e-08      -1.651303421569e-06       0.000000000000e+00       8.730654530148e-05       9.025581683876e-06      -4.497612774600e-10 
  123       1.420011840469e-03       6.550398188502e-08      -1.713897540220e-06       0.000000000000e+00       8.614043195513e-05       8.881126006131e-06      -4.741720857492e-10 
  124       1.445435653013e-03       6.870753066595e-08      -1.778151020023e-06       0.000000000000e+00       8.499160822828e-05       8.741322189819e-06      -5.011426492789e-10 
  125       1.471163921749e-03       7.202794086861e-08      -1.844044560236e-06       0.000000000000e+00       8.386049952525e-05       8.606029348845e-06      -5.303649881626e-10 
  126       1.497200805874e-03       7.546738591567e-08      -1.911556070791e-06       0.000000000000e+00       8.274741455774e-05       8.475074845650e-06      -5.615064637040e-10 
  127       1.523550573113e-03       7.902803486181e-08      -1.980660612590e-06       0.000000000000e+00       8.165254164516e-05       8.348253462166e-06      -5.942092592464e-10 
  128       1.550217601212e-03       8.271205171853e-08      -2.051330337796e-06       0.000000000000e+00       8.057594501497e-05       8.225326570775e-06      -6.280898610225e-10 
  129       1.577206379431e-03       8.652159477885e-08      -2.123534430124e-06       0.000000000000e+00       7.951756110299e-05       8.106021305267e-06      -6.627385390037e-10 
  130       1.604521510034e-03       9.045881594205e-08      -2.197239045140e-06       0.000000000000e+00       7.847719485374e-05       7.990029731793e-06      -6.977188277492e-10 
  131       1.632167709784e-03       9.452586003844e-08      -2.272407250550e-06       0.000000000000e+00       7.745451602076e-05       7.877008019827e-06      -7.325670072556e-10 
  132       1.660149811432e-03       9.872486415409e-08      -2.348998966492e-06       0.000000000000e+00       7.644905546694e-05       7.766575613118e-06      -7.667915838066e-10 
  133       1.688472765211e-03       1.030579569556e-07      -2.426970905834e-06       0.000000000000e+00       7.546020146488e-05       7.658314400649e-06      -7.998727708221e-10 
  134       1.717141640329e-03       1.075272580147e-07      -2.506276514462e-06       0.000000000000e+00       7.448719599715e-05       7.551767887598e-06      -8.312619697075e-10 
  135       1.746161626458e-03       1.121348771332e-07      -2.586865911577e-06       0.000000000000e+00       7.352913105668e-05       7.446440366286e-06      -8.603812507036e-10 
  136       1.775538035232e-03       1.168829136677e-07      -2.668685829985e-06       0.000000000000e+00       7.258494494708e-05       7.341796087141e-06      -8.866228337355e-10 
  137       1.805275906496e-03       1.217734510954e-07      -2.751674312479e-06       0.000000000000e+00       7.165370129230e-05       7.237379824113e-06      -9.094859403423e-10 
  138       1.835378777937e-03       1.268085415062e-07      -2.835744307955e-06       0.000000000000e+00       7.073546648221e-05       7.133194406457e-06      -9.290044311044e-10 
  139       1.865849790375e-03       1.319902182184e-07      -2.920798256723e-06       0.000000000000e+00       6.983051643235e-05       7.029360863595e-06      -9.453626414579e-10 
  140       1.896692070569e-03       1.373204996943e-07      -3.006733089992e-06       0.000000000000e+00       6.893906013390e-05       6.926000477967e-06      -9.587623306235e-10 
  141       1.927908730198e-03       1.428013888348e-07      -3.093440136879e-06       0.000000000000e+00       6.806123774834e-05       6.823234726500e-06      -9.694230343760e-10 
  142       1.959502864848e-03       1.484348722738e-07      -3.180805031413e-06       0.000000000000e+00       6.719711870228e-05       6.721185222079e-06      -9.775824178148e-10 
  143       1.991477552993e-03       1.542229196731e-07      -3.268707619550e-06       0.000000000000e+00       6.634669978213e-05       6.619973655021e-06      -9.834966281332e-10 
  144       2.023835854978e-03       1.601674830168e-07      -3.357021866179e-06       0.000000000000e+00       6.550990322888e-05       6.519721734540e-06      -9.874406473888e-10 
  145       2.056580812007e-03       1.662704959053e-07      -3.445615762129e-06       0.000000000000e+00       6.468657483282e-05       6.420551130224e-06      -9.897086452735e-10 
  146       2.089715445120e-03       1.725338728509e-07      -3.534351231183e-06       0.000000000000e+00       6.387648202829e-05       6.322583413499e-06      -9.906143318831e-10 
  147       2.123242754181e-03       1.789595085712e-07      -3.623084037085e-06       0.000000000000e+00       6.307931198840e-05       6.225939999106e-06      -9.904913104875e-10 
  148       2.157165716861e-03       1.855492772846e-07      -3.711663690546e-06       0.000000000000e+00       6.229466971979e-05       6.130742086570e-06      -9.896934303005e-10 
  149       2.191487287621e-03       1.923050320042e-07      -3.799933356258e-06       0.000000000000e+00       6.152207615736e-05       6.037110601669e-06      -9.885951392500e-10 
  150       2.226210396696e-03       1.992286038325e-07      -3.887729759899e-06       0.000000000000e+00       6.076096625901e-05       5.945166137905e-06      -9.875918367477e-10 
  151       2.261337949075e-03       2.063218012562e-07      -3.974883095145e-06       0.000000000000e+00       6.001068710036e-05       5.855028897977e-06      -9.871002264592e-10 
  152       2.296872823492e-03       2.135864094402e-07      -4.061216930675e-06       0.000000000000e+00       5.927049596954e-05       5.766818635249e-06      -9.875586690738e-10 
  153       2.332817783250e-03       2.210244654546e-07      -4.146542112303e-06       0.000000000000e+00       5.853974650564e-05       5.680637251085e-06      -9.893639944117e-10 
  154       2.369175201534e-03       2.286391142196e-07      -4.230638027382e-06       0.000000000000e+00       5.781847058959e-05       5.596514890137e-06      -9.926745874307e-10 
  155       2.405947308515e-03       2.364338311344e-07      -4.313269413756e-06       0.000000000000e+00       5.710684715169e-05       5.514458700387e-06      -9.975895890031e-10 
  156       2.443136275755e-03       2.444121539895e-07      -4.394192085613e-06       0.000000000000e+00       5.640501804859e-05       5.434469581404e-06      -1.004210820727e-09 
  157       2.480744214742e-03       2.525776836660e-07      -4.473152809909e-06       0.000000000000e+00       5.571308711569e-05       5.356542037482e-06      -1.012642814085e-09 
  158       2.518773175422e-03       2.609340848356e-07      -4.549889182796e-06       0.000000000000e+00       5.503111921962e-05       5.280664030775e-06      -1.022992839609e-09 
  159       2.557225144738e-03       2.694850866605e-07      -4.624129506045e-06       0.000000000000e+00       5.435913931065e-05       5.206816834434e-06      -1.035370936036e-09 
  160       2.596102045158e-03       2.782344834931e-07      -4.695592663476e-06       0.000000000000e+00       5.369713147512e-05       5.134974885752e-06      -1.049889939472e-09 
  161       2.635405733218e-03       2.871861355762e-07      -4.763987997384e-06       0.000000000000e+00       5.304503798789e-05       5.065105639293e-06      -1.066665512552e-09 
  162       2.675137998050e-03       2.963439697423e-07      -4.829015184962e-06       0.000000000000e+00       5.240275836476e-05       4.997169420036e-06      -1.085816173601e-09 
  163       2.715300559918e-03       3.057119801140e-07      -4.890364114734e-06       0.000000000000e+00       5.177014841493e-05       4.931119276514e-06      -1.107463325794e-09 
  164       2.755895068755e-03       3.152942288032e-07      -4.947714762976e-06       0.000000000000e+00       5.114701929341e-05       4.866900833944e-06      -1.131731286318e-09 
  165       2.796923102696e-03       3.250948466118e-07      -5.000737070142e-06       0.000000000000e+00       5.053313655348e-05       4.804452147375e-06      -1.158747315532e-09 
  166       2.838386166610e-03       3.351180337307e-07      -5.049090817296e-06       0.000000000000e+00       4.992821919909e-05       4.743703554820e-06      -1.188641646128e-09 
  167       2.880285690641e-03       3.453680604402e-07      -5.092425502534e-06       0.000000000000e+00       4.933193873735e-05       4.684577530395e-06      -1.221547512290e-09 
  168       2.922623028735e-03       3.558492678095e-07      -5.130380217411e-06       0.000000000000e+00       4.874391823090e-05       4.626988537457e-06      -1.257601178860e-09 
  169       2.965399457181e-03       3.665660683969e-07      -5.162583523369e-06       0.000000000000e+00       4.816373135042e-05       4.570842881744e-06      -1.296941970490e-09 
  170       3.008616173141e-03       3.775229469491e-07      -5.188653328162e-06       0.000000000000e+00       4.759090142698e-05       4.516038564511e-06      -1.339712300813e-09 
  171       3.052273471036e-03       3.887253387365e-07      -5.208199867645e-06       0.000000000000e+00       4.702501708846e-05       4.462479553544e-06      -1.385961672917e-09 
  172       3.096368197698e-03       4.001823452745e-07      -5.220835188837e-06       0.000000000000e+00       4.646609197207e-05       4.410120238970e-06      -1.435349637340e-09 
  173       3.140896081231e-03       4.119042474369e-07      -5.226164224453e-06       0.000000000000e+00       4.591423332891e-05       4.358924420059e-06      -1.487418006956e-09 
  174       3.185852529274e-03       4.239016524524e-07      -5.223781648645e-06       0.000000000000e+00       4.536952767151e-05       4.308851133628e-06      -1.541684296330e-09 
  175       3.231232624187e-03       4.361854981850e-07      -5.213271766096e-06       0.000000000000e+00       4.483204030187e-05       4.259854566002e-06      -1.597641359084e-09 
  176       3.277031118225e-03       4.487670574142e-07      -5.194208401118e-06       0.000000000000e+00       4.430181483959e-05       4.211883964979e-06      -1.654757025262e-09 
  177       3.323242428724e-03       4.616579421165e-07      -5.166154786749e-06       0.000000000000e+00       4.377887274998e-05       4.164883551792e-06      -1.712473738698e-09 
  178       3.369860633278e-03       4.748701077449e-07      -5.128663453848e-06       0.000000000000e+00       4.326321287211e-05       4.118792433070e-06      -1.770208194382e-09 
  179       3.416879464919e-03       4.884158575101e-07      -5.081276120191e-06       0.000000000000e+00       4.275481094693e-05       4.073544512802e-06      -1.827350975829e-09 
  180       3.464292307299e-03       5.023078466610e-07      -5.023523579569e-06       0.000000000000e+00       4.225361914538e-05       4.029068404299e-06      -1.883266192444e-09 
  181       3.512092189870e-03       5.165590867651e-07      -4.954925590883e-06       0.000000000000e+00       4.175956559644e-05       3.985287342156e-06      -1.937291116891e-09 
  182       3.560271783062e-03       5.311829499892e-07      -4.874990767240e-06       0.000000000000e+00       4.127255391527e-05       3.942119094214e-06      -1.988735822456e-09 
  183       3.608823393467e-03       5.461931733798e-07      -4.783216465048e-06       0.000000000000e+00       4.079246273127e-05       3.899475873527e-06      -2.036882820418e-09 
  184       3.657738959014e-03       5.616038631438e-07      -4.679088673117e-06       0.000000000000e+00       4.031914521620e-05       3.857264250316e-06      -2.080986697414e-09 
  185       3.707010044156e-03       5.774294989291e-07      -4.562081901751e-06       0.000000000000e+00       3.985242861225e-05       3.815385063941e-06      -2.120273752805e-09 
  186       3.756627835044e-03       5.936849381050e-07      -4.431659071844e-06       0.000000000000e+00       3.939211376016e-05       3.773733334854e-06      -2.153941636046e-09 
  187       3.806583134711e-03       6.103854200430e-07      -4.287271403980e-06       0.000000000000e+00       3.893797462730e-05       3.732198176570e-06      -2.181158984049e-09 
  188       3.856866358249e-03       6.275465703971e-07      -4.128358307524e-06       0.000000000000e+00       3.848975783574e-05       3.690662707624e-06      -2.201065058553e-09 
  189       3.907467527996e-03       6.451844053846e-07      -3.954347269725e-06       0.000000000000e+00       3.804718219041e-05       3.649003963537e-06      -2.212769383489e-09 
  190       3.958376268706e-03       6.633153360664e-07      -3.764653744805e-06       0.000000000000e+00       3.760993820713e-05       3.607092808774e-06      -2.215351382348e-09 
  191       4.009582629084e-03       6.819576435362e-07      -3.558708669175e-06       0.000000000000e+00       3.717776026843e-05       3.564827451089e-06      -2.208085029045e-09 
  192       4.061079625230e-03       7.011360191426e-07      -3.336043543098e-06       0.000000000000e+00       3.675065011883e-05       3.522236975470e-06      -2.191132375072e-09 
  193       4.112860879132e-03       7.208773738423e-07      -3.096211532030e-06       0.000000000000e+00       3.632866926367e-05       3.479385424457e-06      -2.164901463982e-09 
  194       4.164919807372e-03       7.412094069483e-07      -2.838760394035e-06       0.000000000000e+00       3.591186761632e-05       3.436338915903e-06      -2.129826367073e-09 
  195       4.217249619015e-03       7.621606152245e-07      -2.563232459281e-06       0.000000000000e+00       3.550028326387e-05       3.393165664888e-06      -2.086367557051e-09 
  196       4.269843313491e-03       7.837603019788e-07      -2.269164609539e-06       0.000000000000e+00       3.509394223293e-05       3.349936005638e-06      -2.035012281703e-09 
  197       4.322693678479e-03       8.060385861575e-07      -1.956088257674e-06       0.000000000000e+00       3.469285825535e-05       3.306722413443e-06      -1.976274937557e-09 
  198       4.375793287791e-03       8.290264114384e-07      -1.623529327146e-06       0.000000000000e+00       3.429703253400e-05       3.263599526576e-06      -1.910697443558e-09 
  199       4.429134499256e-03       8.527555553248e-07      -1.271008231502e-06       0.000000000000e+00       3.390645350849e-05       3.220644168211e-06      -1.838849614729e-09 
  200       4.482709452607e-03       8.772586382394e-07      -8.980398538753e-07       0.000000000000e+00       3.352109662091e-05       3.177935368338e-06      -1.761329535844e-09 
  201       4.536510067362e-03       9.025691326180e-07      -5.041335264769e-07       0.000000000000e+00       3.314092408165e-05       3.135554385683e-06      -1.678763935090e-09 
  202       4.590528040708e-03       9.287213720030e-07      -8.879301009503e-08       0.000000000000e+00       3.276588463506e-05       3.093584729627e-06      -1.591808557740e-09 
  203       4.644754845390e-03       9.557505601374e-07       3.484835264104e-07       0.000000000000e+00       3.239591332527e-05       3.052112182123e-06      -1.501148539816e-09 
  204       4.699181727589e-03       9.836927800583e-07       8.082035266120e-07       0.000000000000e+00       3.203093126190e-05       3.011224819612e-06      -1.407498781759e-09 
  205       4.753799704811e-03       1.012585003191e-06       1.290880067019e-06       0.000000000000e+00       3.167084538583e-05       2.971013034943e-06      -1.311604322099e-09 
  206       4.808599563768e-03       1.042465098443e-06       1.797031877580e-06       0.000000000000e+00       3.131554823495e-05       2.931569559291e-06      -1.214240711116e-09 
  207       4.863571858265e-03       1.073371841295e-06       2.327183362191e-06       0.000000000000e+00       3.096491770988e-05       2.892989484073e-06      -1.116214384515e-09 
  208       4.918706907082e-03       1.105344922901e-06       2.881864619194e-06       0.000000000000e+00       3.061881683978e-05       2.855370282869e-06      -1.018363037087e-09 
  209       4.973994791860e-03       1.138424959174e-06       3.461611461886e-06       0.000000000000e+00       3.027709354804e-05       2.818811833337e-06      -9.215559963822e-10 
  210       5.029425354984e-03       1.172653499886e-06       4.066965439021e-06       0.000000000000e+00       2.993958041806e-05       2.783416439132e-06      -8.266945963741e-10 
  211       5.084988197467e-03       1.208073037759e-06       4.698473855315e-06       0.000000000000e+00       2.960609445901e-05       2.749288851823e-06      -7.347125511284e-10 
  212       5.140672676836e-03       1.244727017560e-06       5.356689791947e-06       0.000000000000e+00       2.927643687156e-05       2.716536292814e-06      -6.465763284701e-10 
  213       5.196467115147e-03       1.282660902629e-06       6.042121263969e-06       0.000000000000e+00       2.895043805460e-05       2.685242724719e-06      -5.630476405907e-10 
  214       5.252356367925e-03       1.321925435729e-06       6.755074830807e-06       0.000000000000e+00       2.862809649241e-05       2.655389687349e-06      -4.839522993823e-10 
  215       5.308324086893e-03       1.362573616075e-06       7.495801459575e-06       0.000000000000e+00       2.830944879815e-05       2.626930155696e-06      -4.088626864607e-10 
  216       5.364353490915e-03       1.404659673495e-06       8.264546326300e-06       0.000000000000e+00       2.799452520137e-05       2.599813764413e-06      -3.373309476639e-10 
  217       5.420427361796e-03       1.448239080306e-06       9.061548702522e-06       0.000000000000e+00       2.768334943290e-05       2.573986761933e-06      -2.688887404647e-10 
  218       5.476528040095e-03       1.493368563195e-06       9.887041841891e-06       0.000000000000e+00       2.737593860967e-05       2.549391964602e-06      -2.030469813826e-10 
  219       5.532637420922e-03       1.540106115093e-06       1.074125286677e-05       0.000000000000e+00       2.707230311956e-05       2.525968710806e-06      -1.392955933967e-10 
  220       5.588736949750e-03       1.588511007054e-06       1.162440265485e-05       0.000000000000e+00       2.677244650628e-05       2.503652815092e-06      -7.710325335750e-11 
  221       5.644807618212e-03       1.638643800133e-06       1.253670572572e-05       0.000000000000e+00       2.647636535421e-05       2.482376522299e-06      -1.591713939968e-11 
  222       5.700829959914e-03       1.690566357262e-06       1.347837012749e-05       0.000000000000e+00       2.618404917322e-05       2.462068461685e-06       4.483732164585e-11 
  223       5.756784046234e-03       1.744341855129e-06       1.444959732340e-05       0.000000000000e+00       2.589548028358e-05       2.442653601050e-06       1.057567068394e-10 
  224       5.812649482127e-03       1.800034796057e-06       1.545058207840e-05       0.000000000000e+00       2.561063370078e-05       2.424053200864e-06       1.674598497204e-10 
  225       5.868405401936e-03       1.857711019877e-06       1.648151234576e-05       0.000000000000e+00       2.532947702038e-05       2.406184768398e-06       2.305880928947e-10 
  226       5.924030465187e-03       1.917437715809e-06       1.754256915367e-05       0.000000000000e+00       2.505197030286e-05       2.388962011842e-06       2.958055406225e-10 
  227       5.979502852404e-03       1.979283434342e-06       1.863392649185e-05       0.000000000000e+00       2.477806595850e-05       2.372294794439e-06       3.637993114060e-10 
  228       6.034800260906e-03       2.043318099103e-06       1.975575119814e-05       0.000000000000e+00       2.450770863222e-05       2.356089088608e-06       4.352797905768e-10 
  229       6.089899900615e-03       2.109613018745e-06       2.090820284510e-05       0.000000000000e+00       2.424083508840e-05       2.340246930073e-06       5.109808828840e-10 
  230       6.144778489862e-03       2.178240898818e-06       2.209143362662e-05       0.000000000000e+00       2.397737409579e-05       2.324666371984e-06       5.916602650814e-10 
  231       6.199412251189e-03       2.249275853647e-06       2.330558824451e-05       0.000000000000e+00       2.371724631230e-05       2.309241439052e-06       6.780996385154e-10 
  232       6.253776907157e-03       2.322793418213e-06       2.455080379512e-05       0.000000000000e+00       2.346036416991e-05       2.293862081669e-06       7.711049817125e-10 
  233       6.307847676147e-03       2.398870560026e-06       2.582720965592e-05       0.000000000000e+00       2.320663175950e-05       2.278414130035e-06       8.715068029671e-10 
  234       6.361599268169e-03       2.477585691007e-06       2.713492737211e-05       0.000000000000e+00       2.295594471568e-05       2.262779248291e-06       9.801603929293e-10 
  235       6.415005880664e-03       2.559018679364e-06       2.847407054322e-05       0.000000000000e+00       2.270819010167e-05       2.246834888635e-06       1.097946077192e-09 
  236       6.468041194308e-03       2.643250861465e-06       2.984474470972e-05       0.000000000000e+00       2.246324629417e-05       2.230454245459e-06       1.225769468879e-09 
  237       6.520678368821e-03       2.730365053726e-06       3.124704723959e-05       0.000000000000e+00       2.222098286814e-05       2.213506209468e-06       1.364561721233e-09 
  238       6.572892425545e-03       2.820443223848e-06       3.268100029534e-05       0.000000000000e+00       2.198128900028e-05       2.195884526164e-06       1.515061496887e-09 
  239       6.624667564034e-03       2.913559323459e-06       3.414634546280e-05       0.000000000000e+00       2.174416082658e-05       2.177597326352e-06       1.677145695994e-09 
  240       6.675990280596e-03       3.009786044290e-06       3.564273646030e-05       0.000000000000e+00       2.150961915388e-05       2.158682930733e-06       1.850458671152e-09 
  241       6.726847022212e-03       3.109197126649e-06       3.716980468603e-05       0.000000000000e+00       2.127768136257e-05       2.139181149038e-06       2.034626657205e-09 
  242       6.777224187384e-03       3.211867366367e-06       3.872715896353e-05       0.000000000000e+00       2.104836135164e-05       2.119133295769e-06       2.229257563336e-09 
  243       6.827108126968e-03       3.317872621728e-06       4.031438528707e-05       0.000000000000e+00       2.082166948372e-05       2.098582205928e-06       2.433940765154e-09 
  244       6.876485145017e-03       3.427289820420e-06       4.193104656708e-05       0.000000000000e+00       2.059761253005e-05       2.077572250760e-06       2.648246896789e-09 
  245       6.925341499623e-03       3.540196966466e-06       4.357668237559e-05       0.000000000000e+00       2.037619361552e-05       2.056149353489e-06       2.871727642980e-09 
  246       6.973663403753e-03       3.656673147167e-06       4.525080869164e-05       0.000000000000e+00       2.015741216368e-05       2.034361005054e-06       3.103915531165e-09 
  247       7.021437026090e-03       3.776798540042e-06       4.695291764675e-05       0.000000000000e+00       1.994126384179e-05       2.012256279845e-06       3.344323723571e-09 
  248       7.068648491878e-03       3.900654419769e-06       4.868247727025e-05       0.000000000000e+00       1.972774050578e-05       1.989885851442e-06       3.592445809310e-09 
  249       7.115283883755e-03       4.028323165120e-06       5.043893123483e-05       0.000000000000e+00       1.951683014528e-05       1.967302008350e-06       3.847755596461e-09 
  250       7.161329242596e-03       4.159888265906e-06       5.222169860184e-05       0.000000000000e+00       1.930851682869e-05       1.944558669739e-06       4.109706904167e-09 
  251       7.206770568355e-03       4.295434329913e-06       5.403017356682e-05       0.000000000000e+00       1.910278064811e-05       1.921711401177e-06       4.377733354723e-09 
  252       7.251593820901e-03       4.435047089844e-06       5.586372520485e-05       0.000000000000e+00       1.889959766444e-05       1.898817430371e-06       4.651248165668e-09 
  253       7.295784920862e-03       4.578813410259e-06       5.772169721604e-05       0.000000000000e+00       1.869893985233e-05       1.875935662900e-06       4.929643941872e-09 
  254       7.339329750464e-03       4.726821294510e-06       5.960340767089e-05       0.000000000000e+00       1.850077504524e-05       1.853126697954e-06       5.212292467632e-09 
  255       7.382214154368e-03       4.879159891689e-06       6.150814875576e-05       0.000000000000e+00       1.830506688043e-05       1.830452844072e-06       5.498544498758e-09 
  256       7.424423940514e-03       5.035919503559e-06       6.343518651827e-05       0.000000000000e+00       1.811177474398e-05       1.807978134877e-06       5.787729554663e-09 
  257       7.465944880958e-03       5.197191591499e-06       6.538376061277e-05       0.000000000000e+00       1.792085371583e-05       1.785768344814e-06       6.079155710460e-09 
  258       7.506762712715e-03       5.363068783445e-06       6.735308404570e-05       0.000000000000e+00       1.773225451476e-05       1.763891004886e-06       6.372109389044e-09 
  259       7.546863138598e-03       5.533644880822e-06       6.934234292106e-05       0.000000000000e+00       1.754592344344e-05       1.742415418394e-06       6.665855153188e-09 
  260       7.586231828055e-03       5.709014865495e-06       7.135069618581e-05       0.000000000000e+00       1.736180233342e-05       1.721412676667e-06       6.959635497634e-09 
  261       7.624854418014e-03       5.889274906697e-06       7.337727537534e-05       0.000000000000e+00       1.717982849016e-05       1.700955674809e-06       7.252670641178e-09 
  262       7.662716513719e-03       6.074522367977e-06       7.542118435884e-05       0.000000000000e+00       1.699993463804e-05       1.681119127427e-06       7.544158318767e-09 
  263       7.699803689573e-03       6.264855814138e-06       7.748149908475e-05       0.000000000000e+00       1.682204886538e-05       1.661979584373e-06       7.833273573586e-09 
  264       7.736101489976e-03       6.460375018173e-06       7.955726732619e-05       0.000000000000e+00       1.664609456946e-05       1.643615446478e-06       8.119168549149e-09 
  265       7.771595430167e-03       6.661180968211e-06       8.164750842638e-05       0.000000000000e+00       1.647199040151e-05       1.626106981291e-06       8.400972281388e-09 
  266       7.806271808444e-03       6.867366864777e-06       8.375120956003e-05       0.000000000000e+00       1.629966734215e-05       1.609517618596e-06       8.677983685170e-09 
  267       7.840120189966e-03       7.078990556793e-06       8.586731481714e-05       0.000000000000e+00       1.612912106780e-05       1.593836679452e-06       8.950262550362e-09 
  268       7.873131059465e-03       7.296100622285e-06       8.799473503109e-05       0.000000000000e+00       1.596036232093e-05       1.579033567817e-06       9.218070233806e-09 
  269       7.905295024205e-03       7.518745235055e-06       9.013235095011e-05       0.000000000000e+00       1.579340000971e-05       1.565076194944e-06       9.481679472274e-09 
  270       7.936602816192e-03       7.746972156397e-06       9.227901297685e-05       0.000000000000e+00       1.562824118206e-05       1.551930963493e-06       9.741374500977e-09 
  271       7.967045294388e-03       7.980828726808e-06       9.443354090790e-05       0.000000000000e+00       1.546489099955e-05       1.539562751636e-06       9.997451172088e-09 
  272       7.996613446919e-03       8.220361857715e-06       9.659472367333e-05       0.000000000000e+00       1.530335271139e-05       1.527934897164e-06       1.025021707325e-08 
  273       8.025298393289e-03       8.465618023183e-06       9.876131907620e-05       0.000000000000e+00       1.514362762836e-05       1.517009181593e-06       1.049999164609e-08 
  274       8.053091386587e-03       8.716643251634e-06       1.009320535322e-04       0.000000000000e+00       1.498571509682e-05       1.506745814273e-06       1.074710630476e-08 
  275       8.079983815703e-03       8.973483117568e-06       1.031056218090e-04       0.000000000000e+00       1.482961247261e-05       1.497103416494e-06       1.099190455439e-08 
  276       8.105967207533e-03       9.236182733274e-06       1.052806867660e-04       0.000000000000e+00       1.467531509506e-05       1.488039005592e-06       1.123474210968e-08 
  277       8.131033229196e-03       9.504786740551e-06       1.074558790937e-04       0.000000000000e+00       1.452281626092e-05       1.479507979058e-06       1.147598701337e-08 
  278       8.155173690241e-03       9.779339302422e-06       1.096297970534e-04       0.000000000000e+00       1.437210719833e-05       1.471464098642e-06       1.171601975475e-08 
  279       8.178380544859e-03       1.005988409485e-05       1.118010062166e-04       0.000000000000e+00       1.422317704079e-05       1.463859474463e-06       1.195523338821e-08 
  280       8.200645894093e-03       1.034646429847e-05       1.139680392045e-04       0.000000000000e+00       1.407601280109e-05       1.456644549115e-06       1.219403365171e-08 
  281       8.221961988052e-03       1.063912259027e-05       1.161293954279e-04       0.000000000000e+00       1.393059934529e-05       1.449768081771e-06       1.243283908534e-08 
  282       8.242321228120e-03       1.093790113535e-05       1.182835408261e-04       0.000000000000e+00       1.378691936671e-05       1.443177132297e-06       1.267208114981e-08 
  283       8.261716169164e-03       1.124284157861e-05       1.204289076070e-04       0.000000000000e+00       1.364495335981e-05       1.436817045350e-06       1.291220434496e-08 
  284       8.280139521753e-03       1.155398503647e-05       1.225638939865e-04       0.000000000000e+00       1.350467959425e-05       1.430631434493e-06       1.315366632830e-08 
  285       8.297584154359e-03       1.187137208862e-05       1.246868639279e-04       0.000000000000e+00       1.336607408875e-05       1.424562166295e-06       1.339693803349e-08 
  286       8.314043095575e-03       1.219504276968e-05       1.267961468816e-04       0.000000000000e+00       1.322911058514e-05       1.418549344444e-06       1.364250378889e-08 
  287       8.329509536326e-03       1.252503656096e-05       1.288900375243e-04       0.000000000000e+00       1.309376052226e-05       1.412531293850e-06       1.389086143606e-08 
  288       8.343976832073e-03       1.286139238216e-05       1.309667954991e-04       0.000000000000e+00       1.295999300992e-05       1.406444544755e-06       1.414252244827e-08 
  289       8.357438505033e-03       1.320414858309e-05       1.330246451546e-04       0.000000000000e+00       1.282777480292e-05       1.400223816835e-06       1.439801204903e-08 
  290       8.369888246384e-03       1.355334293539e-05       1.350617752846e-04       0.000000000000e+00       1.269707027493e-05       1.393802003312e-06       1.465786933058e-08 
  291       8.381319918478e-03       1.390901262424e-05       1.370763388676e-04       0.000000000000e+00       1.256784139251e-05       1.387110155061e-06       1.492264737244e-08 
  292       8.391727557052e-03       1.427119424009e-05       1.390664528064e-04       0.000000000000e+00       1.244004768904e-05       1.380077464711e-06       1.519291335989e-08 
  293       8.401105373438e-03       1.463992377036e-05       1.410301976675e-04       0.000000000000e+00       1.231364623868e-05       1.372631250759e-06       1.546924870250e-08 
  294       8.409447756776e-03       1.501523659116e-05       1.429656174208e-04       0.000000000000e+00       1.218859163037e-05       1.364696941672e-06       1.575224915266e-08 
  295       8.416749276223e-03       1.539716745902e-05       1.448707191790e-04       0.000000000000e+00       1.206483594171e-05       1.356198059998e-06       1.604252492408e-08 
  296       8.423004683163e-03       1.578575050259e-05       1.467434729374e-04       0.000000000000e+00       1.194232871300e-05       1.347056206469e-06       1.634070081029e-08 
  297       8.428210999049e-03       1.618100560809e-05       1.485819468958e-04       0.000000000000e+00       1.182102721258e-05       1.337208743624e-06       1.664725469220e-08 
  298       8.432373886853e-03       1.658289685918e-05       1.503847212515e-04       0.000000000000e+00       1.170092783943e-05       1.326662831960e-06       1.696202411723e-08 
  299       8.435501594289e-03       1.699137205646e-05       1.521504940544e-04       0.000000000000e+00       1.158203619943e-05       1.315443994946e-06       1.728467591621e-08 
  300       8.437602901173e-03       1.740637611472e-05       1.538779473651e-04       0.000000000000e+00       1.146435693976e-05       1.303578664785e-06       1.761486554819e-08 
  301       8.438687124464e-03       1.782785103617e-05       1.555657471776e-04       0.000000000000e+00       1.134789373681e-05       1.291094190526e-06       1.795223699974e-08 
  302       8.438764123301e-03       1.825573588376e-05       1.572125433431e-04       0.000000000000e+00       1.123264928411e-05       1.278018846162e-06       1.829642268444e-08 
  303       8.437844304039e-03       1.868996675438e-05       1.588169694930e-04       0.000000000000e+00       1.111862528022e-05       1.264381838740e-06       1.864704334224e-08 
  304       8.435938625295e-03       1.913047675221e-05       1.603776429628e-04       0.000000000000e+00       1.100582241666e-05       1.250213316461e-06       1.900370793885e-08 
  305       8.433058602977e-03       1.957719596192e-05       1.618931647148e-04       0.000000000000e+00       1.089424036581e-05       1.235544376791e-06       1.936601356514e-08 
  306       8.429216315334e-03       2.003005142197e-05       1.633621192620e-04       0.000000000000e+00       1.078387776884e-05       1.220407074557e-06       1.973354533654e-08 
  307       8.424424407983e-03       2.048896709790e-05       1.647830745912e-04       0.000000000000e+00       1.067473222361e-05       1.204834430059e-06       2.010587629245e-08 
  308       8.418696098957e-03       2.095386385553e-05       1.661545820867e-04       0.000000000000e+00       1.056680027258e-05       1.188860437173e-06       2.048256729561e-08 
  309       8.412045183739e-03       2.142465943432e-05       1.674751764530e-04       0.000000000000e+00       1.046007739076e-05       1.172520071452e-06       2.086316693151e-08 
  310       8.404486040303e-03       2.190126842056e-05       1.687433756388e-04       0.000000000000e+00       1.035455797355e-05       1.155849298235e-06       2.124721140779e-08 
  311       8.396033634151e-03       2.238360222068e-05       1.699576807602e-04       0.000000000000e+00       1.025023532475e-05       1.138885080750e-06       2.163422445363e-08 
  312       8.386703523352e-03       2.287156903452e-05       1.711165760240e-04       0.000000000000e+00       1.014710164437e-05       1.121665388219e-06       2.202371721915e-08 
  313       8.376511863583e-03       2.336507382856e-05       1.722185286508e-04       0.000000000000e+00       1.004514801664e-05       1.104229203961e-06       2.241518817480e-08 
  314       8.365475413164e-03       2.386401830925e-05       1.732619887991e-04       0.000000000000e+00       9.944364397846e-06       1.086616533499e-06       2.280812301078e-08 
  315       8.353611538099e-03       2.436830089623e-05       1.742453894880e-04       0.000000000000e+00       9.844739604297e-06       1.068868412663e-06       2.320199453640e-08 
  316       8.340938217117e-03       2.487781669562e-05       1.751671465206e-04       0.000000000000e+00       9.746261300207e-06       1.051026915697e-06       2.359626257949e-08 
  317       8.327474046705e-03       2.539245747328e-05       1.760256584079e-04       0.000000000000e+00       9.648915985620e-06       1.033135163361e-06       2.399037388582e-08 
  318       8.313238246152e-03       2.591211162809e-05       1.768193062916e-04       0.000000000000e+00       9.552688984326e-06       1.015237331035e-06       2.438376201846e-08 
  319       8.298250662586e-03       2.643666416519e-05       1.775464538676e-04       0.000000000000e+00       9.457564431765e-06       9.973786568279e-07       2.477584725720e-08 
  320       8.282531776009e-03       2.696599666931e-05       1.782054473098e-04       0.000000000000e+00       9.363525262952e-06       9.796054496783e-07       2.516603649796e-08 
  321       8.266102704345e-03       2.749998727796e-05       1.787946151929e-04       0.000000000000e+00       9.270553200380e-06       9.619650974606e-07       2.555372315213e-08 
  322       8.248985208467e-03       2.803851065476e-05       1.793122684158e-04       0.000000000000e+00       9.178628741941e-06       9.445060750896e-07       2.593828704602e-08 
  323       8.231201697247e-03       2.858143796269e-05       1.797567001256e-04       0.000000000000e+00       9.087731148833e-06       9.272779526251e-07       2.631909432026e-08 
  324       8.212775232586e-03       2.912863683733e-05       1.801261856401e-04       0.000000000000e+00       8.997838433481e-06       9.103314033764e-07       2.669549732914e-08 
  325       8.193729534458e-03       2.967997136020e-05       1.804189823719e-04       0.000000000000e+00       8.908927347444e-06       8.937182120073e-07       2.706683454008e-08 
  326       8.174088985946e-03       3.023530203194e-05       1.806333297513e-04       0.000000000000e+00       8.820973369328e-06       8.774912826402e-07       2.743243043294e-08 
  327       8.153878638282e-03       3.079448574564e-05       1.807674491497e-04       0.000000000000e+00       8.733950692708e-06       8.617046469616e-07       2.779159539952e-08 
  328       8.133124215887e-03       3.135737576010e-05       1.808195438035e-04       0.000000000000e+00       8.647832214030e-06       8.464134723258e-07       2.814362564287e-08 
  329       8.111852121404e-03       3.192382167308e-05       1.807877987367e-04       0.000000000000e+00       8.562589520532e-06       8.316740698604e-07       2.848780307672e-08 
  330       8.090089440747e-03       3.249366939458e-05       1.806703806847e-04       0.000000000000e+00       8.478192878157e-06       8.175439025704e-07       2.882339522489e-08 
  331       8.067863948128e-03       3.306676112011e-05       1.804654380176e-04       0.000000000000e+00       8.394611219461e-06       8.040815934431e-07       2.914965512065e-08 
  332       8.045202006643e-03       3.364293356561e-05       1.801713682612e-04       0.000000000000e+00       8.311818275407e-06       7.913346714505e-07       2.946596856270e-08 
  333       8.022122158500e-03       3.422201264185e-05       1.797876337088e-04       0.000000000000e+00       8.229811290988e-06       7.793022024026e-07       2.977230318567e-08 
  334       7.998641264929e-03       3.480381849534e-05       1.793139812515e-04       0.000000000000e+00       8.148593102676e-06       7.679705432161e-07       3.006877878955e-08 
  335       7.974776588165e-03       3.538816719720e-05       1.787501782038e-04       0.000000000000e+00       8.068166062823e-06       7.573254517412e-07       3.035552180987e-08 
  336       7.950545794196e-03       3.597487071453e-05       1.780960125179e-04       0.000000000000e+00       7.988532034239e-06       7.473520815567e-07       3.063266537704e-08 
  337       7.925966955521e-03       3.656373688184e-05       1.773512929970e-04       0.000000000000e+00       7.909692384775e-06       7.380349767650e-07       3.090034937570e-08 
  338       7.901058553906e-03       3.715456937238e-05       1.765158495096e-04       0.000000000000e+00       7.831647981907e-06       7.293580667872e-07       3.115872050402e-08 
  339       7.875839483132e-03       3.774716766953e-05       1.755895332030e-04       0.000000000000e+00       7.754399187317e-06       7.213046611583e-07       3.140793233310e-08 
  340       7.850329051758e-03       3.834132703822e-05       1.745722167171e-04       0.000000000000e+00       7.677945851476e-06       7.138574443224e-07       3.164814536629e-08 
  341       7.824546985868e-03       3.893683849626e-05       1.734637943984e-04       0.000000000000e+00       7.602287308223e-06       7.069984704274e-07       3.187952709848e-08 
  342       7.798513431830e-03       3.953348878578e-05       1.722641825139e-04       0.000000000000e+00       7.527422369352e-06       7.007091581204e-07       3.210225207553e-08 
  343       7.772248959051e-03       4.013106034454e-05       1.709733194646e-04       0.000000000000e+00       7.453349319189e-06       6.949702853428e-07       3.231650195353e-08 
  344       7.745774562728e-03       4.072933127739e-05       1.695911659997e-04       0.000000000000e+00       7.380065909178e-06       6.897619841253e-07       3.252246555819e-08 
  345       7.719111666604e-03       4.132807532759e-05       1.681177054301e-04       0.000000000000e+00       7.307569352461e-06       6.850637353829e-07       3.272033894417e-08 
  346       7.692282125725e-03       4.192706184821e-05       1.665529438423e-04       0.000000000000e+00       7.235856318463e-06       6.808543637104e-07       3.291032545440e-08 
  347       7.665308229190e-03       4.252605577355e-05       1.648969103125e-04       0.000000000000e+00       7.164922927470e-06       6.771120321770e-07       3.309263577944e-08 
  348       7.638212702909e-03       4.312481759046e-05       1.631496571200e-04       0.000000000000e+00       7.094764745212e-06       6.738142371216e-07       3.326748801683e-08 
  349       7.611018712357e-03       4.372310330977e-05       1.613112599613e-04       0.000000000000e+00       7.025376777450e-06       6.709378029481e-07       3.343510773041e-08 
  350       7.583749865327e-03       4.432066443763e-05       1.593818181638e-04       0.000000000000e+00       6.956753464550e-06       6.684588769201e-07       3.359572800966e-08 
  351       7.556430214687e-03       4.491724794695e-05       1.573614549000e-04       0.000000000000e+00       6.888888676072e-06       6.663529239564e-07       3.374958952905e-08 
  352       7.529084261131e-03       4.551259624872e-05       1.552503174004e-04       0.000000000000e+00       6.821775705350e-06       6.645947214257e-07       3.389694060740e-08 
  353       7.501736955937e-03       4.610644716344e-05       1.530485771686e-04       0.000000000000e+00       6.755407264073e-06       6.631583539421e-07       3.403803726716e-08 
  354       7.474413703718e-03       4.669853389246e-05       1.507564301938e-04       0.000000000000e+00       6.689775476866e-06       6.620172081598e-07       3.417314329383e-08 
  355       7.447140365183e-03       4.728858498940e-05       1.483740971659e-04       0.000000000000e+00       6.624871875878e-06       6.611439675686e-07       3.430253029523e-08 
  356       7.419943259881e-03       4.787632433152e-05       1.459018236882e-04       0.000000000000e+00       6.560687395355e-06       6.605106072886e-07       3.442647776091e-08 
  357       7.392849168967e-03       4.846147109108e-05       1.433398804919e-04       0.000000000000e+00       6.497212366232e-06       6.600883888656e-07       3.454527312140e-08 
  358       7.365885337947e-03       4.904373970677e-05       1.406885636498e-04       0.000000000000e+00       6.434436510707e-06       6.598478550661e-07       3.465921180765e-08 
  359       7.339079479440e-03       4.962283985502e-05       1.379481947900e-04       0.000000000000e+00       6.372348936829e-06       6.597588246723e-07       3.476859731030e-08 
  360       7.312459775927e-03       5.019847642146e-05       1.351191213099e-04       0.000000000000e+00       6.310938133075e-06       6.597903872772e-07       3.487374123904e-08 
  361       7.286054882508e-03       5.077034947226e-05       1.322017165897e-04       0.000000000000e+00       6.250191962936e-06       6.599108980801e-07       3.497496338196e-08 
  362       7.259893929657e-03       5.133815422550e-05       1.291963802067e-04       0.000000000000e+00       6.190097659499e-06       6.600879726809e-07       3.507259176490e-08 
  363       7.234006525975e-03       5.190158102258e-05       1.261035381486e-04       0.000000000000e+00       6.130641820025e-06       6.602884818761e-07       3.516696271076e-08 
  364       7.208422760944e-03       5.246031529961e-05       1.229236430278e-04       0.000000000000e+00       6.071810400536e-06       6.604785464532e-07       3.525842089885e-08 
  365       7.183173207686e-03       5.301403755875e-05       1.196571742949e-04       0.000000000000e+00       6.013588710395e-06       6.606235319861e-07       3.534731942425e-08 
  366       7.158288925712e-03       5.356242333963e-05       1.163046384527e-04       0.000000000000e+00       5.955961406889e-06       6.606880436303e-07       3.543401985714e-08 
  367       7.133801463677e-03       5.410514319071e-05       1.128665692698e-04       0.000000000000e+00       5.898912489808e-06       6.606359209176e-07       3.551889230212e-08 
  368       7.109742862141e-03       5.464186264067e-05       1.093435279949e-04       0.000000000000e+00       5.842425296033e-06       6.604302325518e-07       3.560231545759e-08 
  369       7.086145656316e-03       5.517224216980e-05       1.057361035700e-04       0.000000000000e+00       5.786482494110e-06       6.600332712030e-07       3.568467667505e-08 
  370       7.063042878821e-03       5.569593718138e-05       1.020449128446e-04       0.000000000000e+00       5.731066078842e-06       6.594065483036e-07       3.576637201847e-08 
  371       7.040464476596e-03       5.621262809684e-05       9.827073185574e-05       0.000000000000e+00       5.676160745685e-06       6.585169242060e-07       3.584773446676e-08 
  372       7.018426401455e-03       5.672211199772e-05       9.441489489253e-05       0.000000000000e+00       5.621764170568e-06       6.573552736659e-07       3.592881530355e-08 
  373       6.996941098362e-03       5.722421451091e-05       9.047891145469e-05       0.000000000000e+00       5.567877121405e-06       6.559185399944e-07       3.600959429585e-08 
  374       6.976021052403e-03       5.771876000592e-05       8.646433692157e-05       0.000000000000e+00       5.514500112084e-06       6.542036657070e-07       3.609005077621e-08 
  375       6.955678788429e-03       5.820557159239e-05       8.237277287990e-05       0.000000000000e+00       5.461633399994e-06       6.522075926530e-07       3.617016363950e-08 
  376       6.935926870686e-03       5.868447111776e-05       7.820586745162e-05       0.000000000000e+00       5.409276983538e-06       6.499272621458e-07       3.624991133987e-08 
  377       6.916777902457e-03       5.915527916476e-05       7.396531562162e-05       0.000000000000e+00       5.357430599661e-06       6.473596150923e-07       3.632927188753e-08 
  378       6.898244525697e-03       5.961781504904e-05       6.965285956556e-05       0.000000000000e+00       5.306093721365e-06       6.445015921226e-07       3.640822284565e-08 
  379       6.880339420668e-03       6.007189681670e-05       6.527028897763e-05       0.000000000000e+00       5.255265555233e-06       6.413501337199e-07       3.648674132723e-08 
  380       6.863075305580e-03       6.051734124192e-05       6.081944139835e-05       0.000000000000e+00       5.204945038951e-06       6.379021803500e-07       3.656480399193e-08 
  381       6.846464936221e-03       6.095396382447e-05       5.630220254235e-05       0.000000000000e+00       5.155130838825e-06       6.341546725914e-07       3.664238704295e-08 
  382       6.830521105600e-03       6.138157878732e-05       5.172050662614e-05       0.000000000000e+00       5.105821347305e-06       6.301045512647e-07       3.671946622390e-08 
  383       6.815256643580e-03       6.179999907423e-05       4.707633669592e-05       0.000000000000e+00       5.057014680505e-06       6.257487575623e-07       3.679601681565e-08 
  384       6.800684416517e-03       6.220903634729e-05       4.237172495536e-05       0.000000000000e+00       5.008708675722e-06       6.210842331785e-07       3.687201363320e-08 
  385       6.786817326893e-03       6.260850098451e-05       3.760875309335e-05       0.000000000000e+00       4.960900888960e-06       6.161079204390e-07       3.694743102252e-08 
  386       6.773668312958e-03       6.299820207740e-05       3.278955261182e-05       0.000000000000e+00       4.913588592449e-06       6.108167624304e-07       3.702224285744e-08 
  387       6.761250348361e-03       6.337794742852e-05       2.791630515354e-05       0.000000000000e+00       4.866768772166e-06       6.052077031304e-07       3.709642253651e-08 
  388       6.749576441792e-03       6.374754354910e-05       2.299124282986e-05       0.000000000000e+00       4.820438125356e-06       5.992776875371e-07       3.716994297982e-08 
  389       6.738659636613e-03       6.410679565656e-05       1.801664854849e-05       0.000000000000e+00       4.774593058053e-06       5.930236617992e-07       3.724277662594e-08 
  390       6.728513010501e-03       6.445550767213e-05       1.299485634136e-05       0.000000000000e+00       4.729229682600e-06       5.864425733452e-07       3.731489542868e-08 
  391       6.719149675079e-03       6.479348221838e-05       7.928251692312e-06       0.000000000000e+00       4.684343815172e-06       5.795313710136e-07       3.738627085406e-08 
  392       6.710582775556e-03       6.512052061686e-05       2.819271864944e-06       0.000000000000e+00       4.639930973294e-06       5.722870051821e-07       3.745687387709e-08 
  393       6.702825490362e-03       6.543642288559e-05      -2.329593769630e-06       0.000000000000e+00       4.595986373364e-06       5.647064278981e-07       3.752667497866e-08 
  394       6.695891030786e-03       6.574098773671e-05      -7.515803404987e-06       0.000000000000e+00       4.552504928172e-06       5.567865930077e-07       3.759564414241e-08 
  395       6.689792640612e-03       6.603401257400e-05      -1.273676247161e-05       0.000000000000e+00       4.509481244423e-06       5.485244562856e-07       3.766375085159e-08 
  396       6.684543595755e-03       6.631529349050e-05      -1.798982330912e-05       0.000000000000e+00       4.466909620256e-06       5.399169755654e-07       3.773096408590e-08 
  397       6.680157203900e-03       6.658462526603e-05      -2.327228483847e-05       0.000000000000e+00       4.424784042766e-06       5.309611108684e-07       3.779725231838e-08 
  398       6.676646804134e-03       6.684180136484e-05      -2.858139223415e-05       0.000000000000e+00       4.383098185524e-06       5.216538245340e-07       3.786258351226e-08 
  399       6.674025766588e-03       6.708661393309e-05      -3.391433659646e-05       0.000000000000e+00       4.341845406099e-06       5.119920813494e-07       3.792692511781e-08 
  400       6.672307492071e-03       6.731885379651e-05      -3.926825462365e-05       0.000000000000e+00       4.301018743578e-06       5.019728486790e-07       3.799024406924e-08 
  401       6.671505411707e-03       6.753831045792e-05      -4.464022828420e-05       0.000000000000e+00       4.260610916086e-06       4.915930965942e-07       3.805250678150e-08 
  402       6.671632986570e-03       6.774477209484e-05      -5.002728448899e-05       0.000000000000e+00       4.220614318308e-06       4.808497980035e-07       3.811367914720e-08 
  403       6.672703707325e-03       6.793802555703e-05      -5.542639476354e-05       0.000000000000e+00       4.181021019010e-06       4.697399287818e-07       3.817372653345e-08 
  404       6.674731093859e-03       6.811785636409e-05      -6.083447492023e-05       0.000000000000e+00       4.141822758561e-06       4.582604679004e-07       3.823261377870e-08 
  405       6.677728694924e-03       6.828404870302e-05      -6.624838473047e-05       0.000000000000e+00       4.103010946449e-06       4.464083975564e-07       3.829030518964e-08 
  406       6.681710087766e-03       6.843638542582e-05      -7.166492759700e-05       0.000000000000e+00       4.064576658808e-06       4.341807033030e-07       3.834676453805e-08 
  407       6.686688877770e-03       6.857464804701e-05      -7.708085022601e-05       0.000000000000e+00       4.026510635934e-06       4.215743741787e-07       3.840195505763e-08 
  408       6.692678698090e-03       6.869861674128e-05      -8.249284229942e-05       0.000000000000e+00       3.988803279809e-06       4.085864028371e-07       3.845583944092e-08 
  409       6.699693209289e-03       6.880807034098e-05      -8.789753614710e-05       0.000000000000e+00       3.951444651621e-06       3.952137856771e-07       3.850837983610e-08 
  410       6.707743190099e-03       6.890282818473e-05      -9.329171618239e-05       0.000000000000e+00       3.914426274002e-06       3.814584959103e-07       3.855951072722e-08 
  411       6.716827696909e-03       6.898287730097e-05      -9.867295605044e-05       0.000000000000e+00       3.877746613129e-06       3.673425965719e-07       3.860905652282e-08 
  412       6.726942590448e-03       6.904824972424e-05      -1.040390034027e-04       0.000000000000e+00       3.841405785923e-06       3.528936630444e-07       3.865681104224e-08 
  413       6.738083413946e-03       6.909898107847e-05      -1.093875719944e-04       0.000000000000e+00       3.805403771676e-06       3.381398621296e-07       3.870256434627e-08 
  414       6.750245390703e-03       6.913511060426e-05      -1.147163415056e-04       0.000000000000e+00       3.769740410857e-06       3.231099557200e-07       3.874610271470e-08 
  415       6.763423421651e-03       6.915668118636e-05      -1.200229573634e-04       0.000000000000e+00       3.734415403922e-06       3.078333044694e-07       3.878720862386e-08 
  416       6.777612082923e-03       6.916373938098e-05      -1.253050305633e-04       0.000000000000e+00       3.699428310116e-06       2.923398714645e-07       3.882566072420e-08 
  417       6.792805623415e-03       6.915633544319e-05      -1.305601374904e-04       0.000000000000e+00       3.664778546281e-06       2.766602258957e-07       3.886123381781e-08 
  418       6.808997962354e-03       6.913452335428e-05      -1.357858197418e-04       0.000000000000e+00       3.630465385661e-06       2.608255467281e-07       3.889369883598e-08 
  419       6.826182686858e-03       6.909836084919e-05      -1.409795839474e-04       0.000000000000e+00       3.596487956707e-06       2.448676263729e-07       3.892282281676e-08 
  420       6.844353049508e-03       6.904790944382e-05      -1.461389015919e-04       0.000000000000e+00       3.562845241889e-06       2.288188743581e-07       3.894836888251e-08 
  421       6.863501965909e-03       6.898323446244e-05      -1.512612088366e-04       0.000000000000e+00       3.529536076492e-06       2.127123209998e-07       3.897009621744e-08 
  422       6.883622012254e-03       6.890440506508e-05      -1.563439063403e-04       0.000000000000e+00       3.496559147432e-06       1.965816210733e-07       3.898776004519e-08 
  423       6.904705422895e-03       6.881149427487e-05      -1.613843590816e-04       0.000000000000e+00       3.463912992056e-06       1.804610574841e-07       3.900111160633e-08 
  424       6.926744087900e-03       6.870457900547e-05      -1.663798961800e-04       0.000000000000e+00       3.431595996947e-06       1.643855449390e-07       3.900989813596e-08 
  425       6.949729550627e-03       6.858374008840e-05      -1.713278107180e-04       0.000000000000e+00       3.399606396738e-06       1.483906336172e-07       3.901386284125e-08 
  426       6.973653005281e-03       6.844906230042e-05      -1.762253595621e-04       0.000000000000e+00       3.367942272908e-06       1.325125128412e-07       3.901274487896e-08 
  427       6.998505294485e-03       6.830063439095e-05      -1.810697631848e-04       0.000000000000e+00       3.336601552596e-06       1.167880147483e-07       3.900627933305e-08 
  428       7.024276906842e-03       6.813854910940e-05      -1.858582054861e-04       0.000000000000e+00       3.305582007400e-06       1.012546179612e-07       3.899419719217e-08 
  429       7.050957974503e-03       6.796290323258e-05      -1.905878336150e-04       0.000000000000e+00       3.274881252190e-06       8.595045125943e-08       3.897622532724e-08 
  430       7.078538270728e-03       6.777379759206e-05      -1.952557577912e-04       0.000000000000e+00       3.244496743910e-06       7.091429725022e-08       3.895208646902e-08 
  431       7.107007207456e-03       6.757133710155e-05      -1.998590511267e-04       0.000000000000e+00       3.214425780384e-06       5.618559603970e-08       3.892149918563e-08 
  432       7.136353832867e-03       6.735563078427e-05      -2.043947494472e-04       0.000000000000e+00       3.184665499124e-06       4.180444890392e-08       3.888417786010e-08 
  433       7.166566828946e-03       6.712679180035e-05      -2.088598511141e-04       0.000000000000e+00       3.155212876133e-06       2.781162195993e-08       3.883983266796e-08 
  434       7.197634509053e-03       6.688493747420e-05      -2.132513168456e-04       0.000000000000e+00       3.126064724715e-06       1.424854983691e-08       3.878816955476e-08 
  435       7.229544815485e-03       6.663018932186e-05      -2.175660695387e-04       0.000000000000e+00       3.097217694277e-06       1.157339347198e-09       3.872889021360e-08 
  436       7.262285317040e-03       6.636267307842e-05      -2.218009940904e-04       0.000000000000e+00       3.068668269139e-06      -1.141922684262e-08       3.866169206275e-08 
  437       7.295843206584e-03       6.608251872536e-05      -2.259529372197e-04       0.000000000000e+00       3.040412767335e-06      -2.343768654062e-08       3.858626822312e-08 
  438       7.330205298618e-03       6.578986051796e-05      -2.300187072890e-04       0.000000000000e+00       3.012447339425e-06      -3.485389435845e-08       3.850230749588e-08 
  439       7.365358026838e-03       6.548483701263e-05      -2.339950741256e-04       0.000000000000e+00       2.984767967296e-06      -4.562301804029e-08       3.840949433997e-08 
  440       7.401287441705e-03       6.516759109437e-05      -2.378787688436e-04       0.000000000000e+00       2.957370462972e-06      -5.569953479172e-08       3.830750884966e-08 
  441       7.437979208009e-03       6.483827000404e-05      -2.416664836650e-04       0.000000000000e+00       2.930250467415e-06      -6.503722760868e-08       3.819602673212e-08 
  442       7.475418602433e-03       6.449702536583e-05      -2.453548717417e-04       0.000000000000e+00       2.903403449336e-06      -7.358918160638e-08       3.807471928495e-08 
  443       7.513590511117e-03       6.414401321460e-05      -2.489405469771e-04       0.000000000000e+00       2.876824704001e-06      -8.130778034822e-08       3.794325337373e-08 
  444       7.552479427228e-03       6.377939402323e-05      -2.524200838474e-04       0.000000000000e+00       2.850509352030e-06      -8.814470217469e-08       3.780129140958e-08 
  445       7.592069448520e-03       6.340333273006e-05      -2.557900172234e-04       0.000000000000e+00       2.824452338214e-06      -9.405091653234e-08       3.764849132673e-08 
  446       7.632344274902e-03       6.301599876622e-05      -2.590468421921e-04       0.000000000000e+00       2.798648430311e-06      -9.897668030263e-08       3.748450656003e-08 
  447       7.673287206003e-03       6.261756608300e-05      -2.621870138783e-04       0.000000000000e+00       2.773092217857e-06      -1.028715341309e-07       3.730898602253e-08 
  448       7.714881138736e-03       6.220821317927e-05      -2.652069472660e-04       0.000000000000e+00       2.747778110972e-06      -1.056842987554e-07       3.712157408304e-08 
  449       7.757107720348e-03       6.178814976168e-05      -2.681035669957e-04       0.000000000000e+00       2.722701156373e-06      -1.073792786765e-07       3.692200490239e-08 
  450       7.799944782341e-03       6.135769761956e-05      -2.708759767108e-04       0.000000000000e+00       2.697859516920e-06      -1.079854580527e-07       3.671038884978e-08 
  451       7.843368818697e-03       6.091721242179e-05      -2.735238433968e-04       0.000000000000e+00       2.673252069982e-06      -1.075488900416e-07       3.648693531351e-08 
  452       7.887355819958e-03       6.046705736364e-05      -2.760468524366e-04       0.000000000000e+00       2.648877596780e-06      -1.061166393183e-07       3.625185921363e-08 
  453       7.931881270293e-03       6.000760320993e-05      -2.784447077591e-04       0.000000000000e+00       2.624734781673e-06      -1.037367880307e-07       3.600538103556e-08 
  454       7.976920144555e-03       5.953922833825e-05      -2.807171319875e-04       0.000000000000e+00       2.600822211456e-06      -1.004584417536e-07       3.574772686364e-08 
  455       8.022446905352e-03       5.906231878215e-05      -2.828638665873e-04       0.000000000000e+00       2.577138374644e-06      -9.633173544378e-08       3.547912841476e-08 
  456       8.068435500105e-03       5.857726827435e-05      -2.848846720147e-04       0.000000000000e+00       2.553681660771e-06      -9.140783939428e-08       3.519982307194e-08 
  457       8.114859358116e-03       5.808447828990e-05      -2.867793278647e-04       0.000000000000e+00       2.530450359674e-06      -8.573896518941e-08       3.491005391790e-08 
  458       8.161691387628e-03       5.758435808940e-05      -2.885476330195e-04       0.000000000000e+00       2.507442660791e-06      -7.937837165920e-08       3.461006976868e-08 
  459       8.208903972891e-03       5.707732476219e-05      -2.901894057964e-04       0.000000000000e+00       2.484656652448e-06      -7.238037083414e-08       3.430012520724e-08 
  460       8.256468971225e-03       5.656380326955e-05      -2.917044840967e-04       0.000000000000e+00       2.462090321150e-06      -6.480033389981e-08       3.398048061702e-08 
  461       8.304357710080e-03       5.604422648788e-05      -2.930927255530e-04       0.000000000000e+00       2.439741550877e-06      -5.669469715155e-08       3.365140221555e-08 
  462       8.352540984108e-03       5.551903525192e-05      -2.943540076782e-04       0.000000000000e+00       2.417608122370e-06      -4.812096794913e-08       3.331316208803e-08 
  463       8.400989052219e-03       5.498867839792e-05      -2.954882280134e-04       0.000000000000e+00       2.395687712428e-06      -3.913773067139e-08       3.296603822095e-08 
  464       8.449671634646e-03       5.445361280683e-05      -2.964953042762e-04       0.000000000000e+00       2.373977893192e-06      -2.980465267093e-08       3.261031453565e-08 
  465       8.498557910013e-03       5.391430344755e-05      -2.973751745088e-04       0.000000000000e+00       2.352476131445e-06      -2.018249022876e-08       3.224628092195e-08 
  466       8.547616512391e-03       5.337122342004e-05      -2.981277972264e-04       0.000000000000e+00       2.331179787894e-06      -1.033309450893e-08       3.187423327169e-08 
  467       8.596815528371e-03       5.282485399858e-05      -2.987531515655e-04       0.000000000000e+00       2.310086116471e-06      -3.194175132334e-10       3.149447351236e-08 
  468       8.646122494118e-03       5.227568467496e-05      -2.992512374318e-04       0.000000000000e+00       2.289192263618e-06       9.794481964137e-09       3.110730964070e-08 
  469       8.695504392443e-03       5.172421320162e-05      -2.996220756488e-04       0.000000000000e+00       2.268495267577e-06       1.994343238196e-08       3.071305575625e-08 
  470       8.744927649860e-03       5.117094563493e-05      -2.998657081057e-04       0.000000000000e+00       2.247992057690e-06       3.006114349728e-08       3.031203209499e-08 
  471       8.794358133654e-03       5.061639637831e-05      -2.999821979060e-04       0.000000000000e+00       2.227679453681e-06       4.008020041080e-08       2.990456506290e-08 
  472       8.843761148943e-03       5.006108822546e-05      -2.999716295153e-04       0.000000000000e+00       2.207554164952e-06       4.993205761216e-08       2.949098726955e-08 
  473       8.893101435741e-03       4.950555240356e-05      -2.998341089098e-04       0.000000000000e+00       2.187612789874e-06       5.954703302533e-08       2.907163756173e-08 
  474       8.942343166022e-03       4.895032861643e-05      -2.995697637247e-04       0.000000000000e+00       2.167851815077e-06       6.885430205392e-08       2.864686105700e-08 
  475       8.991449940786e-03       4.839596508778e-05      -2.991787434020e-04       0.000000000000e+00       2.148267614744e-06       7.778189162651e-08       2.821700917730e-08 
  476       9.040384787117e-03       4.784301860436e-05      -2.986612193390e-04       0.000000000000e+00       2.128856449899e-06       8.625667424202e-08       2.778243968254e-08 
  477       9.089110155254e-03       4.729205455917e-05      -2.980173850364e-04       0.000000000000e+00       2.109614467701e-06       9.420436201503e-08       2.734351670420e-08 
  478       9.137587915647e-03       4.674364699465e-05      -2.972474562468e-04       0.000000000000e+00       2.090537700734e-06       1.015495007211e-07       2.690061077891e-08 
  479       9.185779356027e-03       4.619837864589e-05      -2.963516711225e-04       0.000000000000e+00       2.071622066299e-06       1.082154638422e-07       2.645409888205e-08 
  480       9.233645178466e-03       4.565684098381e-05      -2.953302903641e-04       0.000000000000e+00       2.052863365706e-06       1.141244466119e-07       2.600436446134e-08 
  481       9.281145496442e-03       4.511963425835e-05      -2.941835973687e-04       0.000000000000e+00       2.034257283562e-06       1.191974600608e-07       2.555179747042e-08 
  482       9.328239831901e-03       4.458736754169e-05      -2.929118983778e-04       0.000000000000e+00       2.015799387068e-06       1.233543250619e-07       2.509679440248e-08 
  483       9.374887112322e-03       4.406065877142e-05      -2.915155226259e-04       0.000000000000e+00       1.997485125305e-06       1.265136663759e-07       2.463975832381e-08 
  484       9.421045667783e-03       4.354013479375e-05      -2.899948224886e-04       0.000000000000e+00       1.979309828529e-06       1.285929066965e-07       2.418109890739e-08 
  485       9.466673228018e-03       4.302643140669e-05      -2.883501736306e-04       0.000000000000e+00       1.961268707461e-06       1.295082606957e-07       2.372123246654e-08 
  486       9.511726919487e-03       4.252019340327e-05      -2.865819751545e-04       0.000000000000e+00       1.943356852579e-06       1.291747290694e-07       2.326058198845e-08 
  487       9.556163262437e-03       4.202207461470e-05      -2.846906497484e-04       0.000000000000e+00       1.925569233405e-06       1.275060925824e-07       2.279957716779e-08 
  488       9.599948279313e-03       4.153258921325e-05      -2.826761334088e-04       0.000000000000e+00       1.907903137932e-06       1.244354107699e-07       2.233853876681e-08 
  489       9.643088157393e-03       4.105166065765e-05      -2.805363275758e-04       0.000000000000e+00       1.890365572288e-06       1.199772022344e-07       2.187732783581e-08 
  490       9.685599494245e-03       4.057905938939e-05      -2.782686011571e-04       0.000000000000e+00       1.872966080213e-06       1.141671058599e-07       2.141568610409e-08 
  491       9.727499271159e-03       4.011455032600e-05      -2.758702966735e-04       0.000000000000e+00       1.855714323393e-06       1.070415480678e-07       2.095335068365e-08 
  492       9.768804855289e-03       3.965789282953e-05      -2.733387301511e-04       0.000000000000e+00       1.838620081972e-06       9.863774717322e-08       2.049005404459e-08 
  493       9.809534001809e-03       3.920884067484e-05      -2.706711910128e-04       0.000000000000e+00       1.821693255078e-06       8.899371774145e-08       2.002552399058e-08 
  494       9.849704856054e-03       3.876714201808e-05      -2.678649419693e-04       0.000000000000e+00       1.804943861337e-06       7.814827494459e-08       1.955948363424e-08 
  495       9.889335955670e-03       3.833253936504e-05      -2.649172189115e-04       0.000000000000e+00       1.788382039390e-06       6.614103891780e-08       1.909165137259e-08 
  496       9.928446232768e-03       3.790476953960e-05      -2.618252308012e-04       0.000000000000e+00       1.772018048418e-06       5.301243911580e-08       1.862174086246e-08 
  497       9.967055016062e-03       3.748356365206e-05      -2.585861595635e-04       0.000000000000e+00       1.755862268651e-06       3.880371866932e-08       1.814946099591e-08 
  498       1.000518203303e-02       3.706864706761e-05      -2.551971599775e-04       0.000000000000e+00       1.739925201897e-06       2.355693874150e-08       1.767451587570e-08 
  499       1.004284741204e-02       3.665973937465e-05      -2.516553595686e-04       0.000000000000e+00       1.724217472050e-06       7.314982884387e-09       1.719660479063e-08 
  500       1.008007168454e-02       3.625655435328e-05      -2.479578584995e-04       0.000000000000e+00       1.708749825618e-06      -9.878438604670e-09       1.671542219105e-08 
  501       1.011687578716e-02       3.585879994363e-05      -2.441017294621e-04       0.000000000000e+00       1.693533132233e-06      -2.797878432656e-08       1.623065766421e-08 
  502       1.015328106387e-02       3.546617821426e-05      -2.400840175689e-04       0.000000000000e+00       1.678578385177e-06      -4.694067742397e-08       1.574199590975e-08 
  503       1.018930926817e-02       3.507838533062e-05      -2.359017402447e-04       0.000000000000e+00       1.663896701893e-06      -6.671790122495e-08       1.524911671508e-08 
  504       1.022498256518e-02       3.469511152336e-05      -2.315518871178e-04       0.000000000000e+00       1.649499324509e-06      -8.726339488648e-08       1.475169493081e-08 
  505       1.026032353383e-02       3.431604105680e-05      -2.270314199121e-04       0.000000000000e+00       1.635397620357e-06      -1.085292490380e-07       1.424940044618e-08 
  506       1.029535516898e-02       3.394085219731e-05      -2.223372723382e-04       0.000000000000e+00       1.621603082484e-06      -1.304667014250e-07       1.374189816451e-08 
  507       1.033010088360e-02       3.356921718169e-05      -2.174663499850e-04       0.000000000000e+00       1.608127330179e-06      -1.530261325526e-07       1.322884797856e-08 
  508       1.036458451087e-02       3.320080218558e-05      -2.124155302115e-04       0.000000000000e+00       1.594982109488e-06      -1.761570613290e-07       1.270990474602e-08 
