# dimensionless total [l(l+1)/2pi] C_l's
# for l=2 to 508, i.e. number of multipoles equal to 507
#
# -> if you prefer output in CAMB/HealPix/LensPix units/order, set 'format' to 'camb' in input file
# -> if you don't want to see such a header, set 'headers' to 'no' in input file
# -> for CMB lensing (phi), these are C_l^phi-phi for the lensing potential.
#    Remember the conversion factors:
#    C_l^dd (deflection) = l(l+1) C_l^phi-phi
#    C_l^gg (shear/convergence) = 1/4 (l(l+1))^2 C_l^phi-phi
#
# 1:l     2:TT                     3:phiphi                 4:TPhi               
    2       1.098771636863e-06       4.837488847883e-03       4.955885227432e-05 
    3       1.853830819399e-06       4.072822923204e-03       5.270896494344e-05 
    4       2.759415568599e-06       3.146855741418e-03       5.218167462254e-05 
    5       3.832810293943e-06       2.562081044021e-03       5.185003132625e-05 
    6       5.056662848565e-06       2.181817355770e-03       5.147540504747e-05 
    7       6.448205685122e-06       1.898184031010e-03       5.094598209218e-05 
    8       7.989904796886e-06       1.676135118010e-03       5.041627643475e-05 
    9       9.710615329116e-06       1.500895834735e-03       4.987770578245e-05 
   10       1.157138711166e-05       1.360074089675e-03       4.929652875658e-05 
   11       1.362308248260e-05       1.303399738082e-03       4.788987951204e-05 
   12       1.580989092603e-05       1.200737452559e-03       4.732467850582e-05 
   13       1.819931565594e-05       1.113039765921e-03       4.672940507584e-05 
   14       2.070606016184e-05       1.037239405194e-03       4.606164633673e-05 
   15       2.343166588747e-05       9.710528717284e-04       4.542173094961e-05 
   16       2.626915270768e-05       9.127454230124e-04       4.486554550801e-05 
   17       2.933811248339e-05       8.609758035358e-04       4.428415573393e-05 
   18       3.255230817958e-05       8.145448852055e-04       4.362557577660e-05 
   19       3.590422572597e-05       7.730519419891e-04       4.297585210699e-05 
   20       3.944021615020e-05       7.353491917105e-04       4.241682014494e-05 
   21       4.315517593368e-05       7.011350429405e-04       4.187730749558e-05 
   22       4.702855359761e-05       6.698087861646e-04       4.123673576605e-05 
   23       5.106897357804e-05       6.411618802223e-04       4.057903813248e-05 
   24       5.529069417969e-05       6.147398176222e-04       4.002834731497e-05 
   25       5.967824973423e-05       5.903392469896e-04       3.953229184246e-05 
   26       6.421017633138e-05       5.676216163826e-04       3.898067032003e-05 
   27       6.889887941669e-05       5.465837554155e-04       3.837594711028e-05 
   28       7.377222884699e-05       5.270759681238e-04       3.775477326671e-05 
   29       7.885563310858e-05       5.087385737484e-04       3.714997280619e-05 
   30       8.413535856443e-05       4.915510875565e-04       3.657414620830e-05 
   31       8.957995792676e-05       4.754539623315e-04       3.602801929285e-05 
   32       9.515958485014e-05       4.602652283188e-04       3.550545242531e-05 
   33       1.008835286812e-04       4.459592353172e-04       3.500010990882e-05 
   34       1.067767467632e-04       4.324633384793e-04       3.449974933922e-05 
   35       1.128640414527e-04       4.196352664055e-04       3.398971967669e-05 
   36       1.191475169885e-04       4.074829102149e-04       3.347391052284e-05 
   37       1.256214139933e-04       3.960042390431e-04       3.296029681723e-05 
   38       1.322778769682e-04       3.851193646844e-04       3.245507192246e-05 
   39       1.391085823445e-04       3.747101145566e-04       3.196203924818e-05 
   40       1.461106784546e-04       3.647735060519e-04       3.148114354431e-05 
   41       1.532826039621e-04       3.553078555593e-04       3.100902168361e-05 
   42       1.606224521592e-04       3.462661377740e-04       3.053904548299e-05 
   43       1.681292202361e-04       3.375810552491e-04       3.006405035640e-05 
   44       1.758070772547e-04       3.292591794867e-04       2.958619813316e-05 
   45       1.836623880402e-04       3.213093388022e-04       2.910971978666e-05 
   46       1.917026123296e-04       3.137139142659e-04       2.863808999298e-05 
   47       1.999363621644e-04       3.064266376932e-04       2.817393899652e-05 
   48       2.083710057843e-04       2.993911622184e-04       2.771931579300e-05 
   49       2.170045466870e-04       2.926081022314e-04       2.727677105338e-05 
   50       2.258315539828e-04       2.860831078777e-04       2.684842803809e-05 
   51       2.348453499098e-04       2.798066283475e-04       2.643558944968e-05 
   52       2.440379420490e-04       2.737527696913e-04       2.603866722274e-05 
   53       2.534018903561e-04       2.678904511787e-04       2.565697862863e-05 
   54       2.629366279245e-04       2.622228715126e-04       2.528823465214e-05 
   55       2.726436474216e-04       2.567562004060e-04       2.492879768835e-05 
   56       2.825247215778e-04       2.514875559250e-04       2.457372960340e-05 
   57       2.925819165262e-04       2.464043779672e-04       2.421671591906e-05 
   58       3.028176051413e-04       2.414838017386e-04       2.384998999748e-05 
   59       3.132343253746e-04       2.367007641865e-04       2.346699209871e-05 
   60       3.238342865489e-04       2.320559445986e-04       2.307123984466e-05 
   61       3.346197717818e-04       2.275532168852e-04       2.266938740911e-05 
   62       3.455932908287e-04       2.231911633986e-04       2.226868831683e-05 
   63       3.567575881671e-04       2.189627444430e-04       2.187701233579e-05 
   64       3.681156510816e-04       2.148549677845e-04       2.150286236936e-05 
   65       3.796702885220e-04       2.108537259095e-04       2.115349222899e-05 
   66       3.914227458525e-04       2.069602408372e-04       2.082875869200e-05 
   67       4.033738103160e-04       2.031775215434e-04       2.052599376537e-05 
   68       4.155242105253e-04       1.995053210626e-04       2.024175336250e-05 
   69       4.278746125418e-04       1.959399505507e-04       1.997178107322e-05 
   70       4.404256159536e-04       1.924740933477e-04       1.971097193382e-05 
   71       4.531777499543e-04       1.890966190399e-04       1.945333619700e-05 
   72       4.661312797529e-04       1.857962609263e-04       1.919338887673e-05 
   73       4.792855914990e-04       1.825738788265e-04       1.893070768147e-05 
   74       4.926396816576e-04       1.794322250590e-04       1.866618857615e-05 
   75       5.061923281045e-04       1.763721935292e-04       1.840069391138e-05 
   76       5.199420818752e-04       1.733927219976e-04       1.813504874538e-05 
   77       5.338872589125e-04       1.704906943477e-04       1.787003716597e-05 
   78       5.480259318145e-04       1.676608428543e-04       1.760639861245e-05 
   79       5.623559215833e-04       1.648956504513e-04       1.734482419755e-05 
   80       5.768757515098e-04       1.621877439186e-04       1.708587503166e-05 
   81       5.915877177613e-04       1.595377670896e-04       1.682972895194e-05 
   82       6.064953394836e-04       1.569477029428e-04       1.657638288832e-05 
   83       6.216024534454e-04       1.544184533186e-04       1.632572191114e-05 
   84       6.369132236037e-04       1.519497873161e-04       1.607751410860e-05 
   85       6.524321506691e-04       1.495402896889e-04       1.583140546439e-05 
   86       6.681640816716e-04       1.471873092416e-04       1.558691473517e-05 
   87       6.841142195258e-04       1.448869072258e-04       1.534342832811e-05 
   88       7.002881325966e-04       1.426338057364e-04       1.510019517842e-05 
   89       7.166908828898e-04       1.404229831727e-04       1.485665016726e-05 
   90       7.333242330437e-04       1.382548599305e-04       1.461345368363e-05 
   91       7.501890167907e-04       1.361308348851e-04       1.437160645684e-05 
   92       7.672859777417e-04       1.340516841903e-04       1.413213533539e-05 
   93       7.846157657466e-04       1.320175343488e-04       1.389609308651e-05 
   94       8.021789332567e-04       1.300278352841e-04       1.366455819560e-05 
   95       8.199759316852e-04       1.280813334120e-04       1.343863466574e-05 
   96       8.380071077690e-04       1.261760447115e-04       1.321945181716e-05 
   97       8.562726999301e-04       1.243092277963e-04       1.300816408675e-05 
   98       8.747728346367e-04       1.224773569864e-04       1.280595082753e-05 
   99       8.935079049083e-04       1.206771451509e-04       1.261371458555e-05 
  100       9.124797748682e-04       1.189088357548e-04       1.243112760069e-05 
  101       9.316907398397e-04       1.171733292464e-04       1.225744925013e-05 
  102       9.511431604042e-04       1.154711608600e-04       1.209181171561e-05 
  103       9.708394633953e-04       1.138024864118e-04       1.193321612812e-05 
  104       9.907821428915e-04       1.121670680958e-04       1.178052871253e-05 
  105       1.010973761210e-03       1.105642602798e-04       1.163247693230e-05 
  106       1.031416949900e-03       1.089929953008e-04       1.148764563409e-05 
  107       1.052114410735e-03       1.074517692614e-04       1.134447319251e-05 
  108       1.073068916711e-03       1.059386278254e-04       1.120124765471e-05 
  109       1.094283313031e-03       1.044511520137e-04       1.105610288509e-05 
  110       1.115760420260e-03       1.029871444148e-04       1.090745342461e-05 
  111       1.137502727541e-03       1.015468181039e-04       1.075537059243e-05 
  112       1.159512661790e-03       1.001308625790e-04       1.060037609974e-05 
  113       1.181792682067e-03       9.873976115155e-05       1.044301952910e-05 
  114       1.204345279604e-03       9.737378362568e-05       1.028387879087e-05 
  115       1.227172977842e-03       9.603297897779e-05       1.012356057948e-05 
  116       1.250278332458e-03       9.471716803618e-05       9.962700829884e-06 
  117       1.273663931399e-03       9.342593616049e-05       9.801965173840e-06 
  118       1.297332394915e-03       9.215862592132e-05       9.642049396317e-06 
  119       1.321286375587e-03       9.091432977972e-05       9.483679891838e-06 
  120       1.345528558363e-03       8.969188276676e-05       9.327614120845e-06 
  121       1.370061660586e-03       8.848985516308e-05       9.174641066051e-06 
  122       1.394888432028e-03       8.730654517838e-05       9.025581688809e-06 
  123       1.420011840541e-03       8.614043183302e-05       8.881126010779e-06 
  124       1.445435653085e-03       8.499160810714e-05       8.741322194240e-06 
  125       1.471163921821e-03       8.386049940507e-05       8.606029353094e-06 
  126       1.497200805946e-03       8.274741443851e-05       8.475074849776e-06 
  127       1.523550573184e-03       8.165254152686e-05       8.348253466214e-06 
  128       1.550217601283e-03       8.057594489759e-05       8.225326574785e-06 
  129       1.577206379501e-03       7.951756098651e-05       8.106021309272e-06 
  130       1.604521510104e-03       7.847719473814e-05       7.990029735820e-06 
  131       1.632167709853e-03       7.745451590603e-05       7.877008023897e-06 
  132       1.660149811500e-03       7.644905535307e-05       7.766575617244e-06 
  133       1.688472765279e-03       7.546020135185e-05       7.658314404838e-06 
  134       1.717141640396e-03       7.448719588495e-05       7.551767891846e-06 
  135       1.746161626525e-03       7.352913094531e-05       7.446440370583e-06 
  136       1.775538035298e-03       7.258494483652e-05       7.341796091467e-06 
  137       1.805275906561e-03       7.165370118253e-05       7.237379828440e-06 
  138       1.835378778002e-03       7.073546637323e-05       7.133194410756e-06 
  139       1.865849790439e-03       6.983051632415e-05       7.029360867841e-06 
  140       1.896692070633e-03       6.893906002646e-05       6.926000482135e-06 
  141       1.927908730262e-03       6.806123764166e-05       6.823234730569e-06 
  142       1.959502864912e-03       6.719711859634e-05       6.721185226031e-06 
  143       1.991477553056e-03       6.634669967693e-05       6.619973658838e-06 
  144       2.023835855042e-03       6.550990312440e-05       6.519721738209e-06 
  145       2.056580812070e-03       6.468657472905e-05       6.420551133732e-06 
  146       2.089715445183e-03       6.387648192522e-05       6.322583416840e-06 
  147       2.123242754245e-03       6.307931188603e-05       6.225940002276e-06 
  148       2.157165716925e-03       6.229466961810e-05       6.130742089568e-06 
  149       2.191487287685e-03       6.152207605634e-05       6.037110604497e-06 
  150       2.226210396760e-03       6.076096615865e-05       5.945166140569e-06 
  151       2.261337949140e-03       6.001068700066e-05       5.855028900489e-06 
  152       2.296872823557e-03       5.927049587049e-05       5.766818637624e-06 
  153       2.332817783315e-03       5.853974640723e-05       5.680637253343e-06 
  154       2.369175201599e-03       5.781847049181e-05       5.596514892295e-06 
  155       2.405947308581e-03       5.710684705454e-05       5.514458702465e-06 
  156       2.443136275822e-03       5.640501795205e-05       5.434469583421e-06 
  157       2.480744214809e-03       5.571308701976e-05       5.356542039456e-06 
  158       2.518773175490e-03       5.503111912430e-05       5.280664032723e-06 
  159       2.557225144806e-03       5.435913921592e-05       5.206816836374e-06 
  160       2.596102045227e-03       5.369713138098e-05       5.134974887700e-06 
  161       2.635405733288e-03       5.304503789433e-05       5.065105641265e-06 
  162       2.675137998121e-03       5.240275827177e-05       4.997169422047e-06 
  163       2.715300559990e-03       5.177014832250e-05       4.931119278578e-06 
  164       2.755895068829e-03       5.114701920154e-05       4.866900836076e-06 
  165       2.796923102772e-03       5.053313646215e-05       4.804452149587e-06 
  166       2.838386166688e-03       4.992821910831e-05       4.743703557123e-06 
  167       2.880285690721e-03       4.933193864710e-05       4.684577532800e-06 
  168       2.922623028818e-03       4.874391814119e-05       4.626988539973e-06 
  169       2.965399457267e-03       4.816373126122e-05       4.570842884380e-06 
  170       3.008616173230e-03       4.759090133830e-05       4.516038567274e-06 
  171       3.052273471129e-03       4.702501700029e-05       4.462479556440e-06 
  172       3.096368197796e-03       4.646609188441e-05       4.410120242005e-06 
  173       3.140896081333e-03       4.591423324176e-05       4.358924423237e-06 
  174       3.185852529381e-03       4.536952758486e-05       4.308851136951e-06 
  175       3.231232624299e-03       4.483204021571e-05       4.259854569473e-06 
  176       3.277031118342e-03       4.430181475392e-05       4.211883968599e-06 
  177       3.323242428847e-03       4.377887266479e-05       4.164883555561e-06 
  178       3.369860633406e-03       4.326321278739e-05       4.118792436987e-06 
  179       3.416879465053e-03       4.275481086268e-05       4.073544516864e-06 
  180       3.464292307439e-03       4.225361906159e-05       4.029068408503e-06 
  181       3.512092190015e-03       4.175956551311e-05       3.985287346496e-06 
  182       3.560271783213e-03       4.127255383239e-05       3.942119098685e-06 
  183       3.608823393623e-03       4.079246264884e-05       3.899475878119e-06 
  184       3.657738959175e-03       4.031914513421e-05       3.857264255021e-06 
  185       3.707010044322e-03       3.985242853070e-05       3.815385068747e-06 
  186       3.756627835215e-03       3.939211367904e-05       3.773733339749e-06 
  187       3.806583134886e-03       3.893797454661e-05       3.732198181540e-06 
  188       3.856866358429e-03       3.848975775548e-05       3.690662712653e-06 
  189       3.907467528178e-03       3.804718211056e-05       3.649003968606e-06 
  190       3.958376268891e-03       3.760993812769e-05       3.607092813865e-06 
  191       4.009582629272e-03       3.717776018941e-05       3.564827456181e-06 
  192       4.061079625420e-03       3.675065004021e-05       3.522236980542e-06 
  193       4.112860879322e-03       3.632866918546e-05       3.479385429491e-06 
  194       4.164919807562e-03       3.591186753851e-05       3.436338920880e-06 
  195       4.217249619206e-03       3.550028318645e-05       3.393165669792e-06 
  196       4.269843313681e-03       3.509394215591e-05       3.349936010454e-06 
  197       4.322693678668e-03       3.469285817872e-05       3.306722418158e-06 
  198       4.375793287979e-03       3.429703245775e-05       3.263599531179e-06 
  199       4.429134499443e-03       3.390645343262e-05       3.220644172691e-06 
  200       4.482709452792e-03       3.352109654542e-05       3.177935372687e-06 
  201       4.536510067545e-03       3.314092400653e-05       3.135554389895e-06 
  202       4.590528040890e-03       3.276588456031e-05       3.093584733698e-06 
  203       4.644754845570e-03       3.239591325088e-05       3.052112186050e-06 
  204       4.699181727767e-03       3.203093118787e-05       3.011224823394e-06 
  205       4.753799704987e-03       3.167084531216e-05       2.971013038583e-06 
  206       4.808599563943e-03       3.131554816163e-05       2.931569562792e-06 
  207       4.863571858439e-03       3.096491763691e-05       2.892989487443e-06 
  208       4.918706907255e-03       3.061881676716e-05       2.855370286115e-06 
  209       4.973994792033e-03       3.027709347576e-05       2.818811836471e-06 
  210       5.029425355157e-03       2.993958034613e-05       2.783416442168e-06 
  211       5.084988197641e-03       2.960609438741e-05       2.749288854778e-06 
  212       5.140672677012e-03       2.927643680029e-05       2.716536295708e-06 
  213       5.196467115325e-03       2.895043798366e-05       2.685242727572e-06 
  214       5.252356368107e-03       2.862809642180e-05       2.655389690184e-06 
  215       5.308324087080e-03       2.830944872786e-05       2.626930158533e-06 
  216       5.364353491106e-03       2.799452513141e-05       2.599813767270e-06 
  217       5.420427361993e-03       2.768334936326e-05       2.573986764828e-06 
  218       5.476528040297e-03       2.737593854035e-05       2.549391967554e-06 
  219       5.532637421132e-03       2.707230305056e-05       2.525968713828e-06 
  220       5.588736949966e-03       2.677244643759e-05       2.503652818200e-06 
  221       5.644807618436e-03       2.647636528582e-05       2.482376525505e-06 
  222       5.700829960146e-03       2.618404910514e-05       2.462068465000e-06 
  223       5.756784046474e-03       2.589548021581e-05       2.442653604484e-06 
  224       5.812649482376e-03       2.561063363331e-05       2.424053204427e-06 
  225       5.868405402193e-03       2.532947695320e-05       2.406184772095e-06 
  226       5.924030465454e-03       2.505197023598e-05       2.388962015679e-06 
  227       5.979502852679e-03       2.477806589191e-05       2.372294798419e-06 
  228       6.034800261190e-03       2.450770856592e-05       2.356089092732e-06 
  229       6.089899900908e-03       2.424083502239e-05       2.340246934340e-06 
  230       6.144778490163e-03       2.397737403005e-05       2.324666376393e-06 
  231       6.199412251499e-03       2.371724624685e-05       2.309241443598e-06 
  232       6.253776907475e-03       2.346036410474e-05       2.293862086346e-06 
  233       6.307847676473e-03       2.320663169460e-05       2.278414134834e-06 
  234       6.361599268502e-03       2.295594465105e-05       2.262779253201e-06 
  235       6.415005881003e-03       2.270819003732e-05       2.246834893643e-06 
  236       6.468041194653e-03       2.246324623008e-05       2.230454250550e-06 
  237       6.520678369171e-03       2.222098280433e-05       2.213506214623e-06 
  238       6.572892425898e-03       2.198128893673e-05       2.195884531365e-06 
  239       6.624667564391e-03       2.174416076330e-05       2.177597331578e-06 
  240       6.675990280955e-03       2.150961909086e-05       2.158682935965e-06 
  241       6.726847022573e-03       2.127768129980e-05       2.139181154260e-06 
  242       6.777224187745e-03       2.104836128914e-05       2.119133300962e-06 
  243       6.827108127329e-03       2.082166942147e-05       2.098582211076e-06 
  244       6.876485145378e-03       2.059761246805e-05       2.077572255849e-06 
  245       6.925341499982e-03       2.037619355377e-05       2.056149358505e-06 
  246       6.973663404110e-03       2.015741210219e-05       2.034361009983e-06 
  247       7.021437026446e-03       1.994126378055e-05       2.012256284676e-06 
  248       7.068648492231e-03       1.972774044477e-05       1.989885856164e-06 
  249       7.115283884105e-03       1.951683008452e-05       1.967302012954e-06 
  250       7.161329242943e-03       1.930851676817e-05       1.944558674217e-06 
  251       7.206770568698e-03       1.910278058784e-05       1.921711405522e-06 
  252       7.251593821241e-03       1.889959760440e-05       1.898817434577e-06 
  253       7.295784921199e-03       1.869893979253e-05       1.875935666962e-06 
  254       7.339329750797e-03       1.850077498567e-05       1.853126701871e-06 
  255       7.382214154697e-03       1.830506682109e-05       1.830452847842e-06 
  256       7.424423940839e-03       1.811177468487e-05       1.807978138501e-06 
  257       7.465944881280e-03       1.792085365694e-05       1.785768348293e-06 
  258       7.506762713035e-03       1.773225445610e-05       1.763891008224e-06 
  259       7.546863138915e-03       1.754592338501e-05       1.742415421596e-06 
  260       7.586231828371e-03       1.736180227521e-05       1.721412679740e-06 
  261       7.624854418328e-03       1.717982843217e-05       1.700955677762e-06 
  262       7.662716514033e-03       1.699993458027e-05       1.681119130270e-06 
  263       7.699803689887e-03       1.682204880782e-05       1.661979587118e-06 
  264       7.736101490292e-03       1.664609451211e-05       1.643615449139e-06 
  265       7.771595430484e-03       1.647199034438e-05       1.626106983886e-06 
  266       7.806271808765e-03       1.629966728523e-05       1.609517621141e-06 
  267       7.840120190292e-03       1.612912101110e-05       1.593836681966e-06 
  268       7.873131059796e-03       1.596036226443e-05       1.579033570316e-06 
  269       7.905295024542e-03       1.579339995343e-05       1.565076197444e-06 
  270       7.936602816536e-03       1.562824112598e-05       1.551930966010e-06 
  271       7.967045294740e-03       1.546489094368e-05       1.539562754185e-06 
  272       7.996613447281e-03       1.530335265572e-05       1.527934899758e-06 
  273       8.025298393661e-03       1.514362757290e-05       1.517009184246e-06 
  274       8.053091386970e-03       1.498571504156e-05       1.506745816996e-06 
  275       8.079983816097e-03       1.482961241755e-05       1.497103419299e-06 
  276       8.105967207940e-03       1.467531504020e-05       1.488039008489e-06 
  277       8.131033229616e-03       1.452281620626e-05       1.479507982056e-06 
  278       8.155173690675e-03       1.437210714386e-05       1.471464101749e-06 
  279       8.178380545307e-03       1.422317698651e-05       1.463859477687e-06 
  280       8.200645894556e-03       1.407601274700e-05       1.456644552461e-06 
  281       8.221961988530e-03       1.393059929140e-05       1.449768085245e-06 
  282       8.242321228613e-03       1.378691931300e-05       1.443177135903e-06 
  283       8.261716169674e-03       1.364495330630e-05       1.436817049090e-06 
  284       8.280139522279e-03       1.350467954092e-05       1.430631438368e-06 
  285       8.297584154901e-03       1.336607403561e-05       1.424562170306e-06 
  286       8.314043096135e-03       1.322911053219e-05       1.418549348590e-06 
  287       8.329509536902e-03       1.309376046948e-05       1.412531298129e-06 
  288       8.343976832666e-03       1.295999295733e-05       1.406444549163e-06 
  289       8.357438505643e-03       1.282777475051e-05       1.400223821366e-06 
  290       8.369888247011e-03       1.269707022270e-05       1.393802007961e-06 
  291       8.381319919121e-03       1.256784134045e-05       1.387110159819e-06 
  292       8.391727557712e-03       1.244004763716e-05       1.380077469569e-06 
  293       8.401105374114e-03       1.231364618698e-05       1.372631255705e-06 
  294       8.409447757468e-03       1.218859157883e-05       1.364696946695e-06 
  295       8.416749276929e-03       1.206483589035e-05       1.356198065082e-06 
  296       8.423004683884e-03       1.194232866181e-05       1.347056211600e-06 
  297       8.428210999785e-03       1.182102716156e-05       1.337208748783e-06 
  298       8.432373887602e-03       1.170092778858e-05       1.326662837131e-06 
  299       8.435501595051e-03       1.158203614875e-05       1.315444000112e-06 
  300       8.437602901947e-03       1.146435688925e-05       1.303578669931e-06 
  301       8.438687125250e-03       1.134789368647e-05       1.291094195636e-06 
  302       8.438764124098e-03       1.123264923394e-05       1.278018851221e-06 
  303       8.437844304847e-03       1.111862523021e-05       1.264381843734e-06 
  304       8.435938626113e-03       1.100582236682e-05       1.250213321378e-06 
  305       8.433058603805e-03       1.089424031613e-05       1.235544381616e-06 
  306       8.429216316170e-03       1.078387771932e-05       1.220407079279e-06 
  307       8.424424408828e-03       1.067473217425e-05       1.204834434667e-06 
  308       8.418696099811e-03       1.056680022338e-05       1.188860441655e-06 
  309       8.412045184601e-03       1.046007734171e-05       1.172520075799e-06 
  310       8.404486041173e-03       1.035455792467e-05       1.155849302438e-06 
  311       8.396033635028e-03       1.025023527602e-05       1.138885084801e-06 
  312       8.386703524236e-03       1.014710159580e-05       1.121665392110e-06 
  313       8.376511864474e-03       1.004514796822e-05       1.104229207686e-06 
  314       8.365475414061e-03       9.944364349582e-06       1.086616537052e-06 
  315       8.353611539003e-03       9.844739556185e-06       1.068868416040e-06 
  316       8.340938218027e-03       9.746261252247e-06       1.051026918893e-06 
  317       8.327474047621e-03       9.648915937811e-06       1.033135166373e-06 
  318       8.313238247074e-03       9.552688936665e-06       1.015237333862e-06 
  319       8.298250663513e-03       9.457564384253e-06       9.973786594689e-07 
  320       8.282531776942e-03       9.363525215587e-06       9.796054521332e-07 
  321       8.266102705283e-03       9.270553153161e-06       9.619650997307e-07 
  322       8.248985209412e-03       9.178628694867e-06       9.445060771772e-07 
  323       8.231201698198e-03       9.087731101904e-06       9.272779545336e-07 
  324       8.212775233543e-03       8.997838386696e-06       9.103314051103e-07 
  325       8.193729535421e-03       8.908927300801e-06       8.937182135723e-07 
  326       8.174088986915e-03       8.820973322827e-06       8.774912840433e-07 
  327       8.153878639257e-03       8.733950646348e-06       8.617046482107e-07 
  328       8.133124216868e-03       8.647832167810e-06       8.464134734305e-07 
  329       8.111852122393e-03       8.562589474451e-06       8.316740708311e-07 
  330       8.090089441742e-03       8.478192832214e-06       8.175439034192e-07 
  331       8.067863949131e-03       8.394611173656e-06       8.040815941832e-07 
  332       8.045202007655e-03       8.311818229740e-06       7.913346720962e-07 
  333       8.022122159520e-03       8.229811245457e-06       7.793022029683e-07 
  334       7.998641265958e-03       8.148593057282e-06       7.679705437158e-07 
  335       7.974776589203e-03       8.068166017564e-06       7.573254521886e-07 
  336       7.950545795244e-03       7.988531989114e-06       7.473520819653e-07 
  337       7.925966956580e-03       7.909692339783e-06       7.380349771478e-07 
  338       7.901058554975e-03       7.831647937048e-06       7.293580671571e-07 
  339       7.875839484212e-03       7.754399142591e-06       7.213046615278e-07 
  340       7.850329052849e-03       7.677945806881e-06       7.138574447035e-07 
  341       7.824546986971e-03       7.602287263759e-06       7.069984708317e-07 
  342       7.798513432945e-03       7.527422325017e-06       7.007091585594e-07 
  343       7.772248960179e-03       7.453349274983e-06       6.949702858273e-07 
  344       7.745774563869e-03       7.380065865101e-06       6.897619846658e-07 
  345       7.719111667758e-03       7.307569308512e-06       6.850637359897e-07 
  346       7.692282126892e-03       7.235856274641e-06       6.808543643930e-07 
  347       7.665308230371e-03       7.164922883774e-06       6.771120329446e-07 
  348       7.638212704104e-03       7.094764701642e-06       6.738142379831e-07 
  349       7.611018713567e-03       7.025376734004e-06       6.709378039117e-07 
  350       7.583749866552e-03       6.956753421228e-06       6.684588779936e-07 
  351       7.556430215927e-03       6.888888632873e-06       6.663529251471e-07 
  352       7.529084262386e-03       6.821775662274e-06       6.645947227405e-07 
  353       7.501736957207e-03       6.755407221118e-06       6.631583553872e-07 
  354       7.474413705005e-03       6.689775434032e-06       6.620172097410e-07 
  355       7.447140366485e-03       6.624871833163e-06       6.611439692910e-07 
  356       7.419943261200e-03       6.560687352760e-06       6.605106091568e-07 
  357       7.392849170302e-03       6.497212323755e-06       6.600883908837e-07 
  358       7.365885339299e-03       6.434436468349e-06       6.598478572374e-07 
  359       7.339079480809e-03       6.372348894588e-06       6.597588269997e-07 
  360       7.312459777313e-03       6.310938090950e-06       6.597903897630e-07 
  361       7.286054883912e-03       6.250191920927e-06       6.599109007257e-07 
  362       7.259893931078e-03       6.190097617605e-06       6.600879754873e-07 
  363       7.234006527413e-03       6.130641778245e-06       6.602884848435e-07 
  364       7.208422762401e-03       6.071810358870e-06       6.604785495812e-07 
  365       7.183173209161e-03       6.013588668843e-06       6.606235352736e-07 
  366       7.158288927204e-03       5.955961365449e-06       6.606880470754e-07 
  367       7.133801465188e-03       5.898912448480e-06       6.606359245178e-07 
  368       7.109742863670e-03       5.842425254816e-06       6.604302363037e-07 
  369       7.086145657862e-03       5.786482453005e-06       6.600332751027e-07 
  370       7.063042880386e-03       5.731066037847e-06       6.594065523461e-07 
  371       7.040464478179e-03       5.676160704800e-06       6.585169283858e-07 
  372       7.018426403057e-03       5.621764129792e-06       6.573552779774e-07 
  373       6.996941099982e-03       5.567877080737e-06       6.559185444318e-07 
  374       6.976021054042e-03       5.514500071525e-06       6.542036702643e-07 
  375       6.955678790085e-03       5.461633359543e-06       6.522075973245e-07 
  376       6.935926872361e-03       5.409276943195e-06       6.499272669255e-07 
  377       6.916777904150e-03       5.357430559424e-06       6.473596199740e-07 
  378       6.898244527408e-03       5.306093681234e-06       6.445015971002e-07 
  379       6.880339422398e-03       5.255265515208e-06       6.413501387872e-07 
  380       6.863075307328e-03       5.204944999031e-06       6.379021855007e-07 
  381       6.846464937988e-03       5.155130799010e-06       6.341546778192e-07 
  382       6.830521107385e-03       5.105821307594e-06       6.301045565631e-07 
  383       6.815256645384e-03       5.057014640897e-06       6.257487629248e-07 
  384       6.800684418339e-03       5.008708636217e-06       6.210842385986e-07 
  385       6.786817328734e-03       4.960900849557e-06       6.161079259100e-07 
  386       6.773668314817e-03       4.913588553148e-06       6.108167679455e-07 
  387       6.761250350239e-03       4.866768732966e-06       6.052077086829e-07 
  388       6.749576443688e-03       4.820438086257e-06       5.992776931202e-07 
  389       6.738659638529e-03       4.774593019054e-06       5.930236674058e-07 
  390       6.728513012435e-03       4.729229643701e-06       5.864425789684e-07 
  391       6.719149677032e-03       4.684343776372e-06       5.795313766462e-07 
  392       6.710582777527e-03       4.639930934593e-06       5.722870108171e-07 
  393       6.702825492352e-03       4.595986334761e-06       5.647064335282e-07 
  394       6.695891032795e-03       4.552504889666e-06       5.567865986256e-07 
  395       6.689792642640e-03       4.509481206014e-06       5.485244618840e-07 
  396       6.684543597802e-03       4.466909581943e-06       5.399169811367e-07 
  397       6.680157205965e-03       4.424784004549e-06       5.309611164052e-07 
  398       6.676646806218e-03       4.383098147403e-06       5.216538300288e-07 
  399       6.674025768691e-03       4.341845368073e-06       5.119920867945e-07 
  400       6.672307494194e-03       4.301018705646e-06       5.019728540666e-07 
  401       6.671505413848e-03       4.260610878248e-06       4.915931019166e-07 
  402       6.671632988731e-03       4.220614280563e-06       4.808498032528e-07 
  403       6.672703709504e-03       4.181020981359e-06       4.697399339502e-07 
  404       6.674731096058e-03       4.141822721002e-06       4.582604729797e-07 
  405       6.677728697141e-03       4.103010908982e-06       4.464084025387e-07 
  406       6.681710090003e-03       4.064576621432e-06       4.341807081802e-07 
  407       6.686688880026e-03       4.026510598650e-06       4.215743789425e-07 
  408       6.692678700365e-03       3.988803242616e-06       4.085864074793e-07 
  409       6.699693211584e-03       3.951444614518e-06       3.952137901894e-07 
  410       6.707743192413e-03       3.914426236989e-06       3.814585002843e-07 
  411       6.716827699243e-03       3.877746576206e-06       3.673426007998e-07 
  412       6.726942592801e-03       3.841405749089e-06       3.528936671189e-07 
  413       6.738083416319e-03       3.805403734931e-06       3.381398660438e-07 
  414       6.750245393095e-03       3.769740374200e-06       3.231099594677e-07 
  415       6.763423424063e-03       3.734415367354e-06       3.078333080449e-07 
  416       6.777612085355e-03       3.699428273635e-06       2.923398748627e-07 
  417       6.792805625868e-03       3.664778509888e-06       2.766602291121e-07 
  418       6.808997964827e-03       3.630465349354e-06       2.608255497589e-07 
  419       6.826182689352e-03       3.596487920487e-06       2.448676292146e-07 
  420       6.844353052023e-03       3.562845205755e-06       2.288188770082e-07 
  421       6.863501968445e-03       3.529536040444e-06       2.127123234562e-07 
  422       6.883622014813e-03       3.496559111469e-06       1.965816233347e-07 
  423       6.904705425476e-03       3.463912956177e-06       1.804610595498e-07 
  424       6.926744090504e-03       3.431595961153e-06       1.643855468089e-07 
  425       6.949729553253e-03       3.399606361028e-06       1.483906352920e-07 
  426       6.973653007931e-03       3.367942237282e-06       1.325125143222e-07 
  427       6.998505297159e-03       3.336601517052e-06       1.167880160377e-07 
  428       7.024276909541e-03       3.305581971939e-06       1.012546190617e-07 
  429       7.050957977227e-03       3.274881216812e-06       8.595045217465e-08 
  430       7.078538273478e-03       3.244496708614e-06       7.091429798445e-08 
  431       7.107007210233e-03       3.214425745170e-06       5.618559659800e-08 
  432       7.136353835670e-03       3.184665463991e-06       4.180444929214e-08 
  433       7.166566831778e-03       3.155212841081e-06       2.781162218473e-08 
  434       7.197634511914e-03       3.126064689743e-06       1.424854990574e-08 
  435       7.229544818375e-03       3.097217659385e-06       1.157339268332e-09 
  436       7.262285319960e-03       3.068668234326e-06      -1.141922706007e-08 
  437       7.295843209536e-03       3.040412732601e-06      -2.343768688670e-08 
  438       7.330205301601e-03       3.012447304770e-06      -3.485389482234e-08 
  439       7.365358029854e-03       2.984767932720e-06      -4.562301861028e-08 
  440       7.401287444756e-03       2.957370428473e-06      -5.569953545524e-08 
  441       7.437979211095e-03       2.930250432994e-06      -6.503722835225e-08 
  442       7.475418605554e-03       2.903403414993e-06      -7.358918241558e-08 
  443       7.513590514276e-03       2.876824669734e-06      -8.130778120772e-08 
  444       7.552479430425e-03       2.850509317840e-06      -8.814470306822e-08 
  445       7.592069451757e-03       2.824452304100e-06      -9.405091744265e-08 
  446       7.632344278180e-03       2.798648396273e-06      -9.897668121152e-08 
  447       7.673287209323e-03       2.773092183894e-06      -1.028715350192e-07 
  448       7.714881142099e-03       2.747778077085e-06      -1.056842996028e-07 
  449       7.757107723756e-03       2.722701122561e-06      -1.073792794622e-07 
  450       7.799944785795e-03       2.697859483182e-06      -1.079854587565e-07 
  451       7.843368822198e-03       2.673252036319e-06      -1.075488906440e-07 
  452       7.887355823508e-03       2.648877563191e-06      -1.061166398012e-07 
  453       7.931881273893e-03       2.624734748158e-06      -1.037367883766e-07 
  454       7.976920148206e-03       2.600822178014e-06      -1.004584419463e-07 
  455       8.022446909055e-03       2.577138341276e-06      -9.633173546788e-08 
  456       8.068435503862e-03       2.553681627475e-06      -9.140783923567e-08 
  457       8.114859361928e-03       2.530450326451e-06      -8.573896483499e-08 
  458       8.161691391496e-03       2.507442627640e-06      -7.937837109698e-08 
  459       8.208903976816e-03       2.484656619368e-06      -7.238037005326e-08 
  460       8.256468975207e-03       2.462090288142e-06      -6.480033289054e-08 
  461       8.304357714122e-03       2.439741517940e-06      -5.669469590536e-08 
  462       8.352540988210e-03       2.417608089505e-06      -4.812096645867e-08 
  463       8.400989056382e-03       2.395687679633e-06      -3.913772893053e-08 
  464       8.449671638871e-03       2.373977860468e-06      -2.980465067479e-08 
  465       8.498557914300e-03       2.352476098791e-06      -2.018248797369e-08 
  466       8.547616516743e-03       2.331179755310e-06      -1.033309199260e-08 
  467       8.596815532787e-03       2.310086083957e-06      -3.194147346002e-10 
  468       8.646122498600e-03       2.289192231173e-06       9.794485004789e-09 
  469       8.695504396991e-03       2.268495235202e-06       1.994343568299e-08 
  470       8.744927654475e-03       2.247992025383e-06       3.006114705568e-08 
  471       8.794358138337e-03       2.227679421443e-06       4.008020422216e-08 
  472       8.843761153694e-03       2.207554132782e-06       4.993206167065e-08 
  473       8.893101440561e-03       2.187612757772e-06       5.954703732369e-08 
  474       8.942343170912e-03       2.167851783043e-06       6.885430658340e-08 
  475       8.991449945746e-03       2.148267582778e-06       7.778189637689e-08 
  476       9.040384792148e-03       2.128856418000e-06       8.625667920157e-08 
  477       9.089110160356e-03       2.109614435870e-06       9.420436717047e-08 
  478       9.137587920821e-03       2.090537668970e-06       1.015495060576e-07 
  479       9.185779361273e-03       2.071622034602e-06       1.082154693434e-07 
  480       9.233645183784e-03       2.052863334075e-06       1.141244522597e-07 
  481       9.281145501833e-03       2.034257251997e-06       1.191974658355e-07 
  482       9.328239837365e-03       2.015799355569e-06       1.233543309423e-07 
  483       9.374887117859e-03       1.997485093873e-06       1.265136723389e-07 
  484       9.421045673393e-03       1.979309797163e-06       1.285929127174e-07 
  485       9.466673233702e-03       1.961268676161e-06       1.295082667482e-07 
  486       9.511726925244e-03       1.943356821344e-06       1.291747351252e-07 
  487       9.556163268267e-03       1.925569202236e-06       1.275060986116e-07 
  488       9.599948285218e-03       1.907903106829e-06       1.244354167411e-07 
  489       9.643088163371e-03       1.890365541250e-06       1.199772081166e-07 
  490       9.685599500297e-03       1.872966049240e-06       1.141671116227e-07 
  491       9.727499277284e-03       1.855714292485e-06       1.070415536814e-07 
  492       9.768804861488e-03       1.838620051129e-06       9.863775260862e-08 
  493       9.809534008082e-03       1.821693224300e-06       8.899372297042e-08 
  494       9.849704862401e-03       1.804943830622e-06       7.814827993960e-08 
  495       9.889335962092e-03       1.788382008739e-06       6.614104365210e-08 
  496       9.928446239263e-03       1.772018017830e-06       5.301244356341e-08 
  497       9.967055022633e-03       1.755862238127e-06       3.880372280505e-08 
  498       1.000518203967e-02       1.739925171435e-06       2.355694254099e-08 
  499       1.004284741876e-02       1.724217441651e-06       7.314986324089e-09 
  500       1.008007169134e-02       1.708749795280e-06      -9.878435547453e-09 
  501       1.011687579403e-02       1.693533101957e-06      -2.797878167366e-08 
  502       1.015328107082e-02       1.678578354960e-06      -4.694067519635e-08 
  503       1.018930927520e-02       1.663896671736e-06      -6.671789944268e-08 
  504       1.022498257229e-02       1.649499294413e-06      -8.726339356871e-08 
  505       1.026032354101e-02       1.635397590318e-06      -1.085292482030e-07 
  506       1.029535517624e-02       1.621603052504e-06      -1.304667010900e-07 
  507       1.033010089094e-02       1.608127300256e-06      -1.530261327339e-07 
  508       1.036458451829e-02       1.594982079622e-06      -1.761570620420e-07 
