# dimensionless [l(l+1)/2pi] C_l's for tensor mode
# for l=2 to 500, i.e. number of multipoles equal to 499
#
# -> if you prefer output in CAMB/HealPix/LensPix units/order, set 'format' to 'camb' in input file
# -> if you don't want to see such a header, set 'headers' to 'no' in input file
# -> for CMB lensing (phi), these are C_l^phi-phi for the lensing potential.
#    Remember the conversion factors:
#    C_l^dd (deflection) = l(l+1) C_l^phi-phi
#    C_l^gg (shear/convergence) = 1/4 (l(l+1))^2 C_l^phi-phi
#
# 1:l     2:TT                     3:EE                     4:TE                     5:BB                     6:phiphi                 7:TPhi                   8:Ephi               
    2       1.738449625473e-10       4.749182635271e-12       4.311905280976e-12       4.747071540978e-12       0.000000000000e+00       0.000000000000e+00       0.000000000000e+00 
    3       1.440503685379e-10       9.489313130683e-12       4.676057473575e-12       9.497689085611e-12       0.000000000000e+00       0.000000000000e+00       0.000000000000e+00 
    4       1.324383597601e-10       1.582516451995e-11       3.497433960283e-12       1.581433707226e-11       0.000000000000e+00       0.000000000000e+00       0.000000000000e+00 
    5       1.256863153733e-10       2.371721974775e-11       3.941752855303e-12       2.373598307246e-11       0.000000000000e+00       0.000000000000e+00       0.000000000000e+00 
    6       1.322508489637e-10       3.322614303956e-11       2.487560326703e-12       3.320130814412e-11       0.000000000000e+00       0.000000000000e+00       0.000000000000e+00 
    7       1.431750296807e-10       4.426326897166e-11       9.336760823230e-13       4.429802051310e-11       0.000000000000e+00       0.000000000000e+00       0.000000000000e+00 
    8       1.545677596001e-10       5.694895002624e-11       2.703260445019e-13       5.690448401960e-11       0.000000000000e+00       0.000000000000e+00       0.000000000000e+00 
    9       1.638493246457e-10       7.112270529635e-11      -3.041157788701e-12       7.117960362848e-11       0.000000000000e+00       0.000000000000e+00       0.000000000000e+00 
   10       1.633837972001e-10       8.698830839291e-11      -5.101005028325e-12       8.691778712998e-11       0.000000000000e+00       0.000000000000e+00       0.000000000000e+00 
   11       1.689254703373e-10       1.042884857061e-10      -7.310052364190e-12       1.043742897785e-10       0.000000000000e+00       0.000000000000e+00       0.000000000000e+00 
   12       1.876272762343e-10       1.233369707806e-10      -1.300098504225e-11       1.232331890356e-10       0.000000000000e+00       0.000000000000e+00       0.000000000000e+00 
   13       2.120973654596e-10       1.437519748624e-10      -1.604459617416e-11       1.438739270843e-10       0.000000000000e+00       0.000000000000e+00       0.000000000000e+00 
   14       2.254729836535e-10       1.659862087128e-10      -2.369757468043e-11       1.658412913340e-10       0.000000000000e+00       0.000000000000e+00       0.000000000000e+00 
   15       2.247495435760e-10       1.895034346857e-10      -3.193169930348e-11       1.896688531623e-10       0.000000000000e+00       0.000000000000e+00       0.000000000000e+00 
   16       2.305044119960e-10       2.149259312701e-10      -4.084227027524e-11       2.147315037077e-10       0.000000000000e+00       0.000000000000e+00       0.000000000000e+00 
   17       2.462849348878e-10       2.415319735984e-10      -5.601637091484e-11       2.417479539498e-10       0.000000000000e+00       0.000000000000e+00       0.000000000000e+00 
   18       2.652804935606e-10       2.698084316933e-10      -7.197169168915e-11       2.702281283117e-10       0.000000000000e+00       0.000000000000e+00       0.000000000000e+00 
   19       2.900154685866e-10       2.998251158310e-10      -8.811377760732e-11       3.000987916395e-10       0.000000000000e+00       0.000000000000e+00       0.000000000000e+00 
   20       3.272614511350e-10       3.313439329021e-10      -1.064955378437e-10       3.315943955599e-10       0.000000000000e+00       0.000000000000e+00       0.000000000000e+00 
   21       3.834555509808e-10       3.643686481962e-10      -1.265636407034e-10       3.647072870685e-10       0.000000000000e+00       0.000000000000e+00       0.000000000000e+00 
   22       4.624763270828e-10       3.989775187604e-10      -1.473757375253e-10       3.993550672487e-10       0.000000000000e+00       0.000000000000e+00       0.000000000000e+00 
   23       5.538089460237e-10       4.351475507683e-10      -1.713935700810e-10       4.355562671753e-10       0.000000000000e+00       0.000000000000e+00       0.000000000000e+00 
   24       6.439211442082e-10       4.728413763947e-10      -2.020181450156e-10       4.733434861852e-10       0.000000000000e+00       0.000000000000e+00       0.000000000000e+00 
   25       7.399155386768e-10       5.121469515801e-10      -2.393313152299e-10       5.126236640428e-10       0.000000000000e+00       0.000000000000e+00       0.000000000000e+00 
   26       8.556240790203e-10       5.531677320171e-10      -2.821097692316e-10       5.532879026404e-10       0.000000000000e+00       0.000000000000e+00       0.000000000000e+00 
   27       9.964470054083e-10       5.958110853212e-10      -3.290760891637e-10       5.954230144007e-10       0.000000000000e+00       0.000000000000e+00       0.000000000000e+00 
   28       1.165296721357e-09       6.398888267132e-10      -3.785914447841e-10       6.392109938072e-10       0.000000000000e+00       0.000000000000e+00       0.000000000000e+00 
   29       1.364793664408e-09       6.852317259645e-10      -4.292710080690e-10       6.848145123834e-10       0.000000000000e+00       0.000000000000e+00       0.000000000000e+00 
   30       1.596138492083e-09       7.319499886853e-10      -4.826786264747e-10       7.321164470765e-10       0.000000000000e+00       0.000000000000e+00       0.000000000000e+00 
   31       1.859711067168e-09       7.802810418391e-10      -5.417614124724e-10       7.808720690377e-10       0.000000000000e+00       0.000000000000e+00       0.000000000000e+00 
   32       2.156229799929e-09       8.304471057341e-10      -6.092959203551e-10       8.308515106072e-10       0.000000000000e+00       0.000000000000e+00       0.000000000000e+00 
   33       2.490010363243e-09       8.823702990840e-10      -6.846401112874e-10       8.821248466244e-10       0.000000000000e+00       0.000000000000e+00       0.000000000000e+00 
   34       2.866938145916e-09       9.358501191703e-10      -7.657567158055e-10       9.348844844207e-10       0.000000000000e+00       0.000000000000e+00       0.000000000000e+00 
   35       3.293949574800e-09       9.906875822486e-10      -8.507564481314e-10       9.893210879253e-10       0.000000000000e+00       0.000000000000e+00       0.000000000000e+00 
   36       3.780010828458e-09       1.046871613342e-09      -9.404653279171e-10       1.045437597737e-09       0.000000000000e+00       0.000000000000e+00       0.000000000000e+00 
   37       4.335583611900e-09       1.104456278483e-09      -1.036748975264e-09       1.103171733816e-09       0.000000000000e+00       0.000000000000e+00       0.000000000000e+00 
   38       4.972457937714e-09       1.163513011910e-09      -1.141866172617e-09       1.162443666933e-09       0.000000000000e+00       0.000000000000e+00       0.000000000000e+00 
   39       5.701184514942e-09       1.224112831320e-09      -1.257794721167e-09       1.223173941134e-09       0.000000000000e+00       0.000000000000e+00       0.000000000000e+00 
   40       6.522143198266e-09       1.286262644658e-09      -1.383868460321e-09       1.285347622804e-09       0.000000000000e+00       0.000000000000e+00       0.000000000000e+00 
   41       7.431549770106e-09       1.349949319680e-09      -1.518378562396e-09       1.348969940156e-09       0.000000000000e+00       0.000000000000e+00       0.000000000000e+00 
   42       8.423705290251e-09       1.415156647985e-09      -1.659177694868e-09       1.414049216079e-09       0.000000000000e+00       0.000000000000e+00       0.000000000000e+00 
   43       9.495121201351e-09       1.481866572584e-09      -1.804350759519e-09       1.480595648005e-09       0.000000000000e+00       0.000000000000e+00       0.000000000000e+00 
   44       1.065873878878e-08       1.550063808407e-09      -1.954541575769e-09       1.548616674836e-09       0.000000000000e+00       0.000000000000e+00       0.000000000000e+00 
   45       1.193392488906e-08       1.619732320659e-09      -2.111305740724e-09       1.618120534010e-09       0.000000000000e+00       0.000000000000e+00       0.000000000000e+00 
   46       1.334273833355e-08       1.690853910900e-09      -2.276492181826e-09       1.689117698410e-09       0.000000000000e+00       0.000000000000e+00       0.000000000000e+00 
   47       1.491006949333e-08       1.763408104977e-09      -2.452260078465e-09       1.761621003763e-09       0.000000000000e+00       0.000000000000e+00       0.000000000000e+00 
   48       1.665990916080e-08       1.837377784192e-09      -2.640628993675e-09       1.835639686366e-09       0.000000000000e+00       0.000000000000e+00       0.000000000000e+00 
   49       1.860258588330e-08       1.912768217383e-09      -2.841939829391e-09       1.911159211582e-09       0.000000000000e+00       0.000000000000e+00       0.000000000000e+00 
   50       2.074417074392e-08       1.989593201199e-09      -3.055989106552e-09       1.988155978127e-09       0.000000000000e+00       0.000000000000e+00       0.000000000000e+00 
   51       2.308997740578e-08       2.067869961755e-09      -3.282451152433e-09       2.066602732508e-09       0.000000000000e+00       0.000000000000e+00       0.000000000000e+00 
   52       2.564450417416e-08       2.147619335586e-09      -3.520871206451e-09       2.146468385719e-09       0.000000000000e+00       0.000000000000e+00       0.000000000000e+00 
   53       2.841288376387e-08       2.228860149615e-09      -3.770668376705e-09       2.227723289366e-09       0.000000000000e+00       0.000000000000e+00       0.000000000000e+00 
   54       3.140580363387e-08       2.311590247922e-09      -4.031161271833e-09       2.310357078744e-09       0.000000000000e+00       0.000000000000e+00       0.000000000000e+00 
   55       3.463574990401e-08       2.395800901515e-09      -4.301536944594e-09       2.394365098512e-09       0.000000000000e+00       0.000000000000e+00       0.000000000000e+00 
   56       3.811561555624e-08       2.481482121379e-09      -4.580835282750e-09       2.479743389472e-09       0.000000000000e+00       0.000000000000e+00       0.000000000000e+00 
   57       4.185870571286e-08       2.568622596200e-09      -4.867942527894e-09       2.566488734174e-09       0.000000000000e+00       0.000000000000e+00       0.000000000000e+00 
   58       4.587874291471e-08       2.657209630088e-09      -5.161584794279e-09       2.654598702522e-09       0.000000000000e+00       0.000000000000e+00       0.000000000000e+00 
   59       5.018976996959e-08       2.747231329706e-09      -5.460887463675e-09       2.744069617253e-09       0.000000000000e+00       0.000000000000e+00       0.000000000000e+00 
   60       5.480582016339e-08       2.838683900242e-09      -5.767219790224e-09       2.834889795047e-09       0.000000000000e+00       0.000000000000e+00       0.000000000000e+00 
   61       5.974117965458e-08       2.931565936719e-09      -6.082767974497e-09       2.927044813615e-09       0.000000000000e+00       0.000000000000e+00       0.000000000000e+00 
   62       6.501048493932e-08       3.025876337252e-09      -6.410019393890e-09       3.020519429428e-09       0.000000000000e+00       0.000000000000e+00       0.000000000000e+00 
   63       7.062872465750e-08       3.121614317021e-09      -6.751775303693e-09       3.115297552802e-09       0.000000000000e+00       0.000000000000e+00       0.000000000000e+00 
   64       7.661124139878e-08       3.218779422240e-09      -7.111163538150e-09       3.211362223004e-09       0.000000000000e+00       0.000000000000e+00       0.000000000000e+00 
   65       8.297363927313e-08       3.317368714329e-09      -7.490845522544e-09       3.308699327072e-09       0.000000000000e+00       0.000000000000e+00       0.000000000000e+00 
   66       8.973147981384e-08       3.417367597911e-09      -7.890413583863e-09       3.407309727651e-09       0.000000000000e+00       0.000000000000e+00       0.000000000000e+00 
   67       9.690052471023e-08       3.518757069578e-09      -8.308463511254e-09       3.507199666692e-09       0.000000000000e+00       0.000000000000e+00       0.000000000000e+00 
   68       1.044968235459e-07       3.621516312336e-09      -8.743341955302e-09       3.608377326682e-09       0.000000000000e+00       0.000000000000e+00       0.000000000000e+00 
   69       1.125367129687e-07       3.725622630412e-09      -9.193136592338e-09       3.710852910456e-09       0.000000000000e+00       0.000000000000e+00       0.000000000000e+00 
   70       1.210368158612e-07       3.831051384084e-09      -9.655666288751e-09       3.814638721011e-09       0.000000000000e+00       0.000000000000e+00       0.000000000000e+00 
   71       1.300140405102e-07       3.937775924486e-09      -1.012847126530e-08       3.919749241322e-09       0.000000000000e+00       0.000000000000e+00       0.000000000000e+00 
   72       1.394836290547e-07       4.045774957034e-09      -1.060939026701e-08       4.026192583195e-09       0.000000000000e+00       0.000000000000e+00       0.000000000000e+00 
   73       1.494528709929e-07       4.155056412831e-09      -1.109844218997e-08       4.133942756222e-09       0.000000000000e+00       0.000000000000e+00       0.000000000000e+00 
   74       1.599261758652e-07       4.265638062911e-09      -1.159628953968e-08       4.242962195303e-09       0.000000000000e+00       0.000000000000e+00       0.000000000000e+00 
   75       1.709068724632e-07       4.377540598286e-09      -1.210368693305e-08       4.353209804728e-09       0.000000000000e+00       0.000000000000e+00       0.000000000000e+00 
   76       1.823971634625e-07       4.490787734361e-09      -1.262148466466e-08       4.464640840931e-09       0.000000000000e+00       0.000000000000e+00       0.000000000000e+00 
   77       1.943980800560e-07       4.605406315356e-09      -1.315063227304e-08       4.577206795257e-09       0.000000000000e+00       0.000000000000e+00       0.000000000000e+00 
   78       2.069094365869e-07       4.721426418728e-09      -1.369218210693e-08       4.690855276713e-09       0.000000000000e+00       0.000000000000e+00       0.000000000000e+00 
   79       2.199297851815e-07       4.838881459588e-09      -1.424729289153e-08       4.805529894737e-09       0.000000000000e+00       0.000000000000e+00       0.000000000000e+00 
   80       2.334572350176e-07       4.957798133478e-09      -1.481695105999e-08       4.921180793116e-09       0.000000000000e+00       0.000000000000e+00       0.000000000000e+00 
   81       2.474921737895e-07       5.078164003528e-09      -1.540107116834e-08       5.037798616462e-09       0.000000000000e+00       0.000000000000e+00       0.000000000000e+00 
   82       2.620349382635e-07       5.199954448552e-09      -1.599924503199e-08       5.155386256158e-09       0.000000000000e+00       0.000000000000e+00       0.000000000000e+00 
   83       2.770849627187e-07       5.323142242263e-09      -1.661100844982e-08       5.273948801892e-09       0.000000000000e+00       0.000000000000e+00       0.000000000000e+00 
   84       2.926407495921e-07       5.447697469517e-09      -1.723583954385e-08       5.393493621664e-09       0.000000000000e+00       0.000000000000e+00       0.000000000000e+00 
   85       3.086998401230e-07       5.573587442552e-09      -1.787315709896e-08       5.514030441791e-09       0.000000000000e+00       0.000000000000e+00       0.000000000000e+00 
   86       3.252587849980e-07       5.700776617229e-09      -1.852231890256e-08       5.635571426906e-09       0.000000000000e+00       0.000000000000e+00       0.000000000000e+00 
   87       3.423131149958e-07       5.829226509279e-09      -1.918262008432e-08       5.758131259968e-09       0.000000000000e+00       0.000000000000e+00       0.000000000000e+00 
   88       3.598573116320e-07       5.958895610536e-09      -1.985329145583e-08       5.881727222262e-09       0.000000000000e+00       0.000000000000e+00       0.000000000000e+00 
   89       3.778844757662e-07       6.089748177319e-09      -2.053364725195e-08       6.006369917023e-09       0.000000000000e+00       0.000000000000e+00       0.000000000000e+00 
   90       3.963853378349e-07       6.221782358061e-09      -2.122355853416e-08       6.132033598231e-09       0.000000000000e+00       0.000000000000e+00       0.000000000000e+00 
   91       4.153490375500e-07       6.355006344195e-09      -2.192305133529e-08       6.258681313121e-09       0.000000000000e+00       0.000000000000e+00       0.000000000000e+00 
   92       4.347633787078e-07       6.489429939280e-09      -2.263216443856e-08       6.386273784888e-09       0.000000000000e+00       0.000000000000e+00       0.000000000000e+00 
   93       4.546147953091e-07       6.625064608162e-09      -2.335094995553e-08       6.514769352530e-09       0.000000000000e+00       0.000000000000e+00       0.000000000000e+00 
   94       4.748883176788e-07       6.761923526128e-09      -2.407947390397e-08       6.644123910674e-09       0.000000000000e+00       0.000000000000e+00       0.000000000000e+00 
   95       4.955675385859e-07       6.900021628063e-09      -2.481781678585e-08       6.774290849415e-09       0.000000000000e+00       0.000000000000e+00       0.000000000000e+00 
   96       5.166345793634e-07       7.039375657613e-09      -2.556607416519e-08       6.905220994145e-09       0.000000000000e+00       0.000000000000e+00       0.000000000000e+00 
   97       5.380700560282e-07       7.180004216334e-09      -2.632435724604e-08       7.036862545389e-09       0.000000000000e+00       0.000000000000e+00       0.000000000000e+00 
   98       5.598530454011e-07       7.321927812857e-09      -2.709279345037e-08       7.169161018640e-09       0.000000000000e+00       0.000000000000e+00       0.000000000000e+00 
   99       5.819608900688e-07       7.465162876740e-09      -2.787134494950e-08       7.302064979773e-09       0.000000000000e+00       0.000000000000e+00       0.000000000000e+00 
  100       6.043686549870e-07       7.609702726313e-09      -2.865923368083e-08       7.435544308295e-09       0.000000000000e+00       0.000000000000e+00       0.000000000000e+00 
  101       6.270495306128e-07       7.755533983874e-09      -2.945543558440e-08       7.569574421194e-09       0.000000000000e+00       0.000000000000e+00       0.000000000000e+00 
  102       6.499749518148e-07       7.902642346797e-09      -3.025885377564e-08       7.704130718087e-09       0.000000000000e+00       0.000000000000e+00       0.000000000000e+00 
  103       6.731145620400e-07       8.051012563534e-09      -3.106831691664e-08       7.839188591302e-09       0.000000000000e+00       0.000000000000e+00       0.000000000000e+00 
  104       6.964361774794e-07       8.200628409624e-09      -3.188257758743e-08       7.974723435967e-09       0.000000000000e+00       0.000000000000e+00       0.000000000000e+00 
  105       7.199057512356e-07       8.351472663685e-09      -3.270031065733e-08       8.110710660085e-09       0.000000000000e+00       0.000000000000e+00       0.000000000000e+00 
  106       7.434873374884e-07       8.503527083425e-09      -3.352011165622e-08       8.247125694624e-09       0.000000000000e+00       0.000000000000e+00       0.000000000000e+00 
  107       7.671430556613e-07       8.656772381639e-09      -3.434049514580e-08       8.383944003596e-09       0.000000000000e+00       0.000000000000e+00       0.000000000000e+00 
  108       7.908330545886e-07       8.811188202216e-09      -3.515989309096e-08       8.521141094142e-09       0.000000000000e+00       0.000000000000e+00       0.000000000000e+00 
  109       8.145154766813e-07       8.966753096137e-09      -3.597665323104e-08       8.658692526613e-09       0.000000000000e+00       0.000000000000e+00       0.000000000000e+00 
  110       8.381500755284e-07       9.123446787368e-09      -3.678919911853e-08       8.796571289636e-09       0.000000000000e+00       0.000000000000e+00       0.000000000000e+00 
  111       8.617096717772e-07       9.281257351620e-09      -3.759653700796e-08       8.934739521864e-09       0.000000000000e+00       0.000000000000e+00       0.000000000000e+00 
  112       8.851701031176e-07       9.440174915677e-09      -3.839781109161e-08       9.073155744731e-09       0.000000000000e+00       0.000000000000e+00       0.000000000000e+00 
  113       9.085067019766e-07       9.600189448159e-09      -3.919214759158e-08       9.211777387132e-09       0.000000000000e+00       0.000000000000e+00       0.000000000000e+00 
  114       9.316942955913e-07       9.761290758029e-09      -3.997865472000e-08       9.350560769608e-09       0.000000000000e+00       0.000000000000e+00       0.000000000000e+00 
  115       9.547072060804e-07       9.923468493100e-09      -4.075642263915e-08       9.489461088535e-09       0.000000000000e+00       0.000000000000e+00       0.000000000000e+00 
  116       9.775192505176e-07       1.008671213854e-08      -4.152452342170e-08       9.628432400307e-09       0.000000000000e+00       0.000000000000e+00       0.000000000000e+00 
  117       1.000103741004e-06       1.025101101539e-08      -4.228201101079e-08       9.767427605524e-09       0.000000000000e+00       0.000000000000e+00       0.000000000000e+00 
  118       1.022433484738e-06       1.041635427906e-08      -4.302792118026e-08       9.906398433177e-09       0.000000000000e+00       0.000000000000e+00       0.000000000000e+00 
  119       1.044480784094e-06       1.058273091783e-08      -4.376127149478e-08       1.004529542483e-08       0.000000000000e+00       0.000000000000e+00       0.000000000000e+00 
  120       1.066217436686e-06       1.075012975138e-08      -4.448106127004e-08       1.018406791883e-08       0.000000000000e+00       0.000000000000e+00       0.000000000000e+00 
  121       1.087614735450e-06       1.091853942927e-08      -4.518627153291e-08       1.032266403444e-08       0.000000000000e+00       0.000000000000e+00       0.000000000000e+00 
  122       1.108643468706e-06       1.108794842948e-08      -4.587586498159e-08       1.046103065609e-08       0.000000000000e+00       0.000000000000e+00       0.000000000000e+00 
  123       1.129276399361e-06       1.125834073719e-08      -4.654877430400e-08       1.059911797092e-08       0.000000000000e+00       0.000000000000e+00       0.000000000000e+00 
  124       1.149496024825e-06       1.142968232227e-08      -4.720386569813e-08       1.073689370556e-08       0.000000000000e+00       0.000000000000e+00       0.000000000000e+00 
  125       1.169287712854e-06       1.160193309825e-08      -4.783997106624e-08       1.087433050271e-08       0.000000000000e+00       0.000000000000e+00       0.000000000000e+00 
  126       1.188637321650e-06       1.177505106780e-08      -4.845589915122e-08       1.101140153407e-08       0.000000000000e+00       0.000000000000e+00       0.000000000000e+00 
  127       1.207531219444e-06       1.194899228719e-08      -4.905043540518e-08       1.114808052030e-08       0.000000000000e+00       0.000000000000e+00       0.000000000000e+00 
  128       1.225956304070e-06       1.212371083087e-08      -4.962234185800e-08       1.128434175108e-08       0.000000000000e+00       0.000000000000e+00       0.000000000000e+00 
  129       1.243900022542e-06       1.229915875595e-08      -5.017035698588e-08       1.142016010510e-08       0.000000000000e+00       0.000000000000e+00       0.000000000000e+00 
  130       1.261350390634e-06       1.247528606675e-08      -5.069319557997e-08       1.155551107006e-08       0.000000000000e+00       0.000000000000e+00       0.000000000000e+00 
  131       1.278296012459e-06       1.265204067929e-08      -5.118954861490e-08       1.169037076271e-08       0.000000000000e+00       0.000000000000e+00       0.000000000000e+00 
  132       1.294726100042e-06       1.282936838582e-08      -5.165808311733e-08       1.182471594882e-08       0.000000000000e+00       0.000000000000e+00       0.000000000000e+00 
  133       1.310630492903e-06       1.300721281939e-08      -5.209744203458e-08       1.195852406325e-08       0.000000000000e+00       0.000000000000e+00       0.000000000000e+00 
  134       1.325999677629e-06       1.318551541828e-08      -5.250624410317e-08       1.209177322991e-08       0.000000000000e+00       0.000000000000e+00       0.000000000000e+00 
  135       1.340824807458e-06       1.336421539059e-08      -5.288308371737e-08       1.222444228179e-08       0.000000000000e+00       0.000000000000e+00       0.000000000000e+00 
  136       1.355097721853e-06       1.354324967874e-08      -5.322653079781e-08       1.235651078097e-08       0.000000000000e+00       0.000000000000e+00       0.000000000000e+00 
  137       1.368813683123e-06       1.372255604646e-08      -5.353520524636e-08       1.248795782115e-08       0.000000000000e+00       0.000000000000e+00       0.000000000000e+00 
  138       1.381979864458e-06       1.390208277531e-08      -5.380800928454e-08       1.261875825303e-08       0.000000000000e+00       0.000000000000e+00       0.000000000000e+00 
  139       1.394607781439e-06       1.408177990898e-08      -5.404391902003e-08       1.274888610444e-08       0.000000000000e+00       0.000000000000e+00       0.000000000000e+00 
  140       1.406710690282e-06       1.426159620529e-08      -5.424191235637e-08       1.287831577498e-08       0.000000000000e+00       0.000000000000e+00       0.000000000000e+00 
  141       1.418303624667e-06       1.444147912054e-08      -5.440096933490e-08       1.300702204828e-08       0.000000000000e+00       0.000000000000e+00       0.000000000000e+00 
  142       1.429403432558e-06       1.462137479387e-08      -5.452007247680e-08       1.313498010431e-08       0.000000000000e+00       0.000000000000e+00       0.000000000000e+00 
  143       1.440028813025e-06       1.480122803159e-08      -5.459820712503e-08       1.326216553161e-08       0.000000000000e+00       0.000000000000e+00       0.000000000000e+00 
  144       1.450200353071e-06       1.498098229152e-08      -5.463436178635e-08       1.338855433964e-08       0.000000000000e+00       0.000000000000e+00       0.000000000000e+00 
  145       1.459940564452e-06       1.516057966731e-08      -5.462752847326e-08       1.351412297103e-08       0.000000000000e+00       0.000000000000e+00       0.000000000000e+00 
  146       1.469273920501e-06       1.533996087281e-08      -5.457670304605e-08       1.363884831386e-08       0.000000000000e+00       0.000000000000e+00       0.000000000000e+00 
  147       1.478226892956e-06       1.551906522641e-08      -5.448088555472e-08       1.376270771396e-08       0.000000000000e+00       0.000000000000e+00       0.000000000000e+00 
  148       1.486827988773e-06       1.569783063533e-08      -5.433908058100e-08       1.388567898718e-08       0.000000000000e+00       0.000000000000e+00       0.000000000000e+00 
  149       1.495107786962e-06       1.587619358004e-08      -5.415029758031e-08       1.400774043168e-08       0.000000000000e+00       0.000000000000e+00       0.000000000000e+00 
  150       1.503098975401e-06       1.605408909851e-08      -5.391355122380e-08       1.412887084021e-08       0.000000000000e+00       0.000000000000e+00       0.000000000000e+00 
  151       1.510836387661e-06       1.623145077062e-08      -5.362786174025e-08       1.424904951242e-08       0.000000000000e+00       0.000000000000e+00       0.000000000000e+00 
  152       1.518357039834e-06       1.640821070248e-08      -5.329225525814e-08       1.436825626708e-08       0.000000000000e+00       0.000000000000e+00       0.000000000000e+00 
  153       1.525699456517e-06       1.658430062204e-08      -5.290599678273e-08       1.448647524216e-08       0.000000000000e+00       0.000000000000e+00       0.000000000000e+00 
  154       1.532901500799e-06       1.675965531355e-08      -5.246931277148e-08       1.460370666626e-08       0.000000000000e+00       0.000000000000e+00       0.000000000000e+00 
  155       1.540002411871e-06       1.693420947392e-08      -5.198273667743e-08       1.471995620969e-08       0.000000000000e+00       0.000000000000e+00       0.000000000000e+00 
  156       1.547043530661e-06       1.710789662022e-08      -5.144688386348e-08       1.483523132634e-08       0.000000000000e+00       0.000000000000e+00       0.000000000000e+00 
  157       1.554068333035e-06       1.728064907964e-08      -5.086245312924e-08       1.494954128532e-08       0.000000000000e+00       0.000000000000e+00       0.000000000000e+00 
  158       1.561122463001e-06       1.745239797956e-08      -5.023022823779e-08       1.506289720243e-08       0.000000000000e+00       0.000000000000e+00       0.000000000000e+00 
  159       1.568253765912e-06       1.762307323747e-08      -4.955107944244e-08       1.517531207186e-08       0.000000000000e+00       0.000000000000e+00       0.000000000000e+00 
  160       1.575512321670e-06       1.779260355100e-08      -4.882596501355e-08       1.528680079767e-08       0.000000000000e+00       0.000000000000e+00       0.000000000000e+00 
  161       1.582950477929e-06       1.796091638796e-08      -4.805593276529e-08       1.539738022541e-08       0.000000000000e+00       0.000000000000e+00       0.000000000000e+00 
  162       1.590622883296e-06       1.812793797627e-08      -4.724212158242e-08       1.550706917366e-08       0.000000000000e+00       0.000000000000e+00       0.000000000000e+00 
  163       1.598586520537e-06       1.829359329400e-08      -4.638576294709e-08       1.561588846565e-08       0.000000000000e+00       0.000000000000e+00       0.000000000000e+00 
  164       1.606900739778e-06       1.845780605937e-08      -4.548818246562e-08       1.572386096080e-08       0.000000000000e+00       0.000000000000e+00       0.000000000000e+00 
  165       1.615627291708e-06       1.862049872075e-08      -4.455080139527e-08       1.583101158631e-08       0.000000000000e+00       0.000000000000e+00       0.000000000000e+00 
  166       1.624830360784e-06       1.878159244661e-08      -4.357513817104e-08       1.593736736873e-08       0.000000000000e+00       0.000000000000e+00       0.000000000000e+00 
  167       1.634576598433e-06       1.894100711561e-08      -4.256280993242e-08       1.604295746552e-08       0.000000000000e+00       0.000000000000e+00       0.000000000000e+00 
  168       1.644935156255e-06       1.909866130652e-08      -4.151553405023e-08       1.614781319665e-08       0.000000000000e+00       0.000000000000e+00       0.000000000000e+00 
  169       1.655977719226e-06       1.925447228825e-08      -4.043512965336e-08       1.625196807618e-08       0.000000000000e+00       0.000000000000e+00       0.000000000000e+00 
  170       1.667778538901e-06       1.940835600985e-08      -3.932351915554e-08       1.635545784377e-08       0.000000000000e+00       0.000000000000e+00       0.000000000000e+00 
  171       1.680406660617e-06       1.956023768074e-08      -3.818261860087e-08       1.645831687701e-08       0.000000000000e+00       0.000000000000e+00       0.000000000000e+00 
  172       1.693901808309e-06       1.971008452225e-08      -3.701399524369e-08       1.656056702623e-08       0.000000000000e+00       0.000000000000e+00       0.000000000000e+00 
  173       1.708296543207e-06       1.985787574047e-08      -3.581918421007e-08       1.666222790484e-08       0.000000000000e+00       0.000000000000e+00       0.000000000000e+00 
  174       1.723623890186e-06       2.000359221482e-08      -3.459979817421e-08       1.676332044158e-08       0.000000000000e+00       0.000000000000e+00       0.000000000000e+00 
  175       1.739917339123e-06       2.014721653125e-08      -3.335752843162e-08       1.686386689732e-08       0.000000000000e+00       0.000000000000e+00       0.000000000000e+00 
  176       1.757210846249e-06       2.028873301544e-08      -3.209414597232e-08       1.696389088184e-08       0.000000000000e+00       0.000000000000e+00       0.000000000000e+00 
  177       1.775538835509e-06       2.042812776600e-08      -3.081150255394e-08       1.706341737067e-08       0.000000000000e+00       0.000000000000e+00       0.000000000000e+00 
  178       1.794936199910e-06       2.056538868771e-08      -2.951153177493e-08       1.716247272189e-08       0.000000000000e+00       0.000000000000e+00       0.000000000000e+00 
  179       1.815438302883e-06       2.070050552468e-08      -2.819625014774e-08       1.726108469292e-08       0.000000000000e+00       0.000000000000e+00       0.000000000000e+00 
  180       1.837080979631e-06       2.083346989360e-08      -2.686775817193e-08       1.735928245736e-08       0.000000000000e+00       0.000000000000e+00       0.000000000000e+00 
  181       1.859900538490e-06       2.096427531693e-08      -2.552824140742e-08       1.745709662176e-08       0.000000000000e+00       0.000000000000e+00       0.000000000000e+00 
  182       1.883933762278e-06       2.109291725610e-08      -2.417997154757e-08       1.755455924246e-08       0.000000000000e+00       0.000000000000e+00       0.000000000000e+00 
  183       1.909217909657e-06       2.121939314472e-08      -2.282530749241e-08       1.765170384239e-08       0.000000000000e+00       0.000000000000e+00       0.000000000000e+00 
  184       1.935790716479e-06       2.134370242180e-08      -2.146669642178e-08       1.774856542784e-08       0.000000000000e+00       0.000000000000e+00       0.000000000000e+00 
  185       1.963690397150e-06       2.146584656494e-08      -2.010667486849e-08       1.784518050534e-08       0.000000000000e+00       0.000000000000e+00       0.000000000000e+00 
  186       1.992955645978e-06       2.158582912354e-08      -1.874786979151e-08       1.794158709840e-08       0.000000000000e+00       0.000000000000e+00       0.000000000000e+00 
  187       2.023625638531e-06       2.170365575203e-08      -1.739299964912e-08       1.803782476436e-08       0.000000000000e+00       0.000000000000e+00       0.000000000000e+00 
  188       2.055740032992e-06       2.181933424304e-08      -1.604487547209e-08       1.813393461118e-08       0.000000000000e+00       0.000000000000e+00       0.000000000000e+00 
  189       2.089338971512e-06       2.193287456064e-08      -1.470640193684e-08       1.822995931424e-08       0.000000000000e+00       0.000000000000e+00       0.000000000000e+00 
  190       2.124463081567e-06       2.204428887353e-08      -1.338057843859e-08       1.832594313316e-08       0.000000000000e+00       0.000000000000e+00       0.000000000000e+00 
  191       2.161145143097e-06       2.215359472607e-08      -1.207035589774e-08       1.842193137838e-08       0.000000000000e+00       0.000000000000e+00       0.000000000000e+00 
  192       2.199384389063e-06       2.226082474782e-08      -1.077819294739e-08       1.851796873110e-08       0.000000000000e+00       0.000000000000e+00       0.000000000000e+00 
  193       2.239170275405e-06       2.236601773791e-08      -9.506468445433e-09       1.861410082936e-08       0.000000000000e+00       0.000000000000e+00       0.000000000000e+00 
  194       2.280490616165e-06       2.246921563586e-08      -8.257623344840e-09       1.871037482189e-08       0.000000000000e+00       0.000000000000e+00       0.000000000000e+00 
  195       2.323331557567e-06       2.257046356505e-08      -7.034161294691e-09       1.880683938309e-08       0.000000000000e+00       0.000000000000e+00       0.000000000000e+00 
  196       2.367677552104e-06       2.266980987624e-08      -5.838649241289e-09       1.890354472801e-08       0.000000000000e+00       0.000000000000e+00       0.000000000000e+00 
  197       2.413511332619e-06       2.276730619098e-08      -4.673718029249e-09       1.900054262742e-08       0.000000000000e+00       0.000000000000e+00       0.000000000000e+00 
  198       2.460813886388e-06       2.286300744516e-08      -3.542063002584e-09       1.909788642278e-08       0.000000000000e+00       0.000000000000e+00       0.000000000000e+00 
  199       2.509564429206e-06       2.295697193240e-08      -2.446444605795e-09       1.919563104124e-08       0.000000000000e+00       0.000000000000e+00       0.000000000000e+00 
  200       2.559740379467e-06       2.304926134760e-08      -1.389688984964e-09       1.929383301066e-08       0.000000000000e+00       0.000000000000e+00       0.000000000000e+00 
  201       2.611317332247e-06       2.313994083036e-08      -3.746885888391e-10       1.939255047464e-08       0.000000000000e+00       0.000000000000e+00       0.000000000000e+00 
  202       2.664269033393e-06       2.322907900852e-08       5.955972300720e-10       1.949184320748e-08       0.000000000000e+00       0.000000000000e+00       0.000000000000e+00 
  203       2.718567353597e-06       2.331674804154e-08       1.518141614415e-09       1.959177262920e-08       0.000000000000e+00       0.000000000000e+00       0.000000000000e+00 
  204       2.774182262487e-06       2.340302366407e-08       2.389849600896e-09       1.969240182060e-08       0.000000000000e+00       0.000000000000e+00       0.000000000000e+00 
  205       2.831081802708e-06       2.348798522936e-08       3.207557519197e-09       1.979379553817e-08       0.000000000000e+00       0.000000000000e+00       0.000000000000e+00 
  206       2.889232064001e-06       2.357171575277e-08       3.968032390881e-09       1.989602022920e-08       0.000000000000e+00       0.000000000000e+00       0.000000000000e+00 
  207       2.948597157295e-06       2.365430195522e-08       4.667971328306e-09       1.999914404672e-08       0.000000000000e+00       0.000000000000e+00       0.000000000000e+00 
  208       3.009139188780e-06       2.373583430670e-08       5.304000933531e-09       2.010323686452e-08       0.000000000000e+00       0.000000000000e+00       0.000000000000e+00 
  209       3.070818233999e-06       2.381640706970e-08       5.872676697232e-09       2.020837029216e-08       0.000000000000e+00       0.000000000000e+00       0.000000000000e+00 
  210       3.133592311926e-06       2.389611834271e-08       6.370482397607e-09       2.031461769000e-08       0.000000000000e+00       0.000000000000e+00       0.000000000000e+00 
  211       3.197417359050e-06       2.397507010372e-08       6.793829499291e-09       2.042205418418e-08       0.000000000000e+00       0.000000000000e+00       0.000000000000e+00 
  212       3.262247203461e-06       2.405336825363e-08       7.139056552262e-09       2.053075668162e-08       0.000000000000e+00       0.000000000000e+00       0.000000000000e+00 
  213       3.328032046299e-06       2.413112435596e-08       7.403000256318e-09       2.064078890085e-08       0.000000000000e+00       0.000000000000e+00       0.000000000000e+00 
  214       3.394713845828e-06       2.420846089627e-08       7.584752798694e-09       2.075215530872e-08       0.000000000000e+00       0.000000000000e+00       0.000000000000e+00 
  215       3.462230571428e-06       2.428550646208e-08       7.684022082043e-09       2.086484410064e-08       0.000000000000e+00       0.000000000000e+00       0.000000000000e+00 
  216       3.530517638538e-06       2.436239412623e-08       7.700571623017e-09       2.097884188085e-08       0.000000000000e+00       0.000000000000e+00       0.000000000000e+00 
  217       3.599507878818e-06       2.443926149485e-08       7.634221456151e-09       2.109413363805e-08       0.000000000000e+00       0.000000000000e+00       0.000000000000e+00 
  218       3.669131510296e-06       2.451625075526e-08       7.484849037749e-09       2.121070272091e-08       0.000000000000e+00       0.000000000000e+00       0.000000000000e+00 
  219       3.739316107525e-06       2.459350872398e-08       7.252390149778e-09       2.132853081365e-08       0.000000000000e+00       0.000000000000e+00       0.000000000000e+00 
  220       3.809986571737e-06       2.467118689460e-08       6.936839803750e-09       2.144759791162e-08       0.000000000000e+00       0.000000000000e+00       0.000000000000e+00 
  221       3.881065100994e-06       2.474944148574e-08       6.538253144611e-09       2.156788229681e-08       0.000000000000e+00       0.000000000000e+00       0.000000000000e+00 
  222       3.952471160345e-06       2.482843348902e-08       6.056746354627e-09       2.168936051346e-08       0.000000000000e+00       0.000000000000e+00       0.000000000000e+00 
  223       4.024121451977e-06       2.490832871697e-08       5.492497557275e-09       2.181200734358e-08       0.000000000000e+00       0.000000000000e+00       0.000000000000e+00 
  224       4.095929885370e-06       2.498929785097e-08       4.845747721127e-09       2.193579578254e-08       0.000000000000e+00       0.000000000000e+00       0.000000000000e+00 
  225       4.167807547452e-06       2.507151648922e-08       4.116801563738e-09       2.206069701461e-08       0.000000000000e+00       0.000000000000e+00       0.000000000000e+00 
  226       4.239662672748e-06       2.515516519462e-08       3.306028455537e-09       2.218668038851e-08       0.000000000000e+00       0.000000000000e+00       0.000000000000e+00 
  227       4.311400613540e-06       2.524042954279e-08       2.413863323707e-09       2.231371339300e-08       0.000000000000e+00       0.000000000000e+00       0.000000000000e+00 
  228       4.382923810017e-06       2.532750016996e-08       1.440807556081e-09       2.244176163244e-08       0.000000000000e+00       0.000000000000e+00       0.000000000000e+00 
  229       4.454131760428e-06       2.541657282089e-08       3.874299050233e-10       2.257078880229e-08       0.000000000000e+00       0.000000000000e+00       0.000000000000e+00 
  230       4.524920991239e-06       2.550784839688e-08      -7.456326086803e-10       2.270075666476e-08       0.000000000000e+00       0.000000000000e+00       0.000000000000e+00 
  231       4.595185027282e-06       2.560153300366e-08      -1.957673791936e-09       2.283162502428e-08       0.000000000000e+00       0.000000000000e+00       0.000000000000e+00 
  232       4.664814361913e-06       2.569783799931e-08      -3.247917375454e-09       2.296335170313e-08       0.000000000000e+00       0.000000000000e+00       0.000000000000e+00 
  233       4.733696427166e-06       2.579698004227e-08      -4.615516109862e-09       2.309589251696e-08       0.000000000000e+00       0.000000000000e+00       0.000000000000e+00 
  234       4.801715563901e-06       2.589918113922e-08      -6.059550861816e-09       2.322920125036e-08       0.000000000000e+00       0.000000000000e+00       0.000000000000e+00 
  235       4.868752991964e-06       2.600466869304e-08      -7.579029710116e-09       2.336322963242e-08       0.000000000000e+00       0.000000000000e+00       0.000000000000e+00 
  236       4.934686780338e-06       2.611367555077e-08      -9.172887041814e-09       2.349792731229e-08       0.000000000000e+00       0.000000000000e+00       0.000000000000e+00 
  237       4.999391817296e-06       2.622644005152e-08      -1.083998264833e-08       2.363324183473e-08       0.000000000000e+00       0.000000000000e+00       0.000000000000e+00 
  238       5.062754491396e-06       2.634317315839e-08      -1.257887871337e-08       2.376912010208e-08       0.000000000000e+00       0.000000000000e+00       0.000000000000e+00 
  239       5.124717783119e-06       2.646395754558e-08      -1.438715765283e-08       2.390551290879e-08       0.000000000000e+00       0.000000000000e+00       0.000000000000e+00 
  240       5.185238847151e-06       2.658884249059e-08      -1.626206119423e-08       2.404237063422e-08       0.000000000000e+00       0.000000000000e+00       0.000000000000e+00 
  241       5.244274548427e-06       2.671787621904e-08      -1.820070740299e-08       2.417964175972e-08       0.000000000000e+00       0.000000000000e+00       0.000000000000e+00 
  242       5.301781463314e-06       2.685110588314e-08      -2.020008930998e-08       2.431727284739e-08       0.000000000000e+00       0.000000000000e+00       0.000000000000e+00 
  243       5.357715880804e-06       2.698857754021e-08      -2.225707353905e-08       2.445520851870e-08       0.000000000000e+00       0.000000000000e+00       0.000000000000e+00 
  244       5.412033803697e-06       2.713033613115e-08      -2.436839893457e-08       2.459339143324e-08       0.000000000000e+00       0.000000000000e+00       0.000000000000e+00 
  245       5.464690949791e-06       2.727642545900e-08      -2.653067518903e-08       2.473176226742e-08       0.000000000000e+00       0.000000000000e+00       0.000000000000e+00 
  246       5.515642753074e-06       2.742688816736e-08      -2.874038147050e-08       2.487025969310e-08       0.000000000000e+00       0.000000000000e+00       0.000000000000e+00 
  247       5.564844364905e-06       2.758176571895e-08      -3.099386505027e-08       2.500882035636e-08       0.000000000000e+00       0.000000000000e+00       0.000000000000e+00 
  248       5.612250655208e-06       2.774109837409e-08      -3.328733993030e-08       2.514737885616e-08       0.000000000000e+00       0.000000000000e+00       0.000000000000e+00 
  249       5.657816213658e-06       2.790492516919e-08      -3.561688547086e-08       2.528586772305e-08       0.000000000000e+00       0.000000000000e+00       0.000000000000e+00 
  250       5.701495350870e-06       2.807328389526e-08      -3.797844501801e-08       2.542421739782e-08       0.000000000000e+00       0.000000000000e+00       0.000000000000e+00 
  251       5.743242099584e-06       2.824621107643e-08      -4.036782453118e-08       2.556235621026e-08       0.000000000000e+00       0.000000000000e+00       0.000000000000e+00 
  252       5.783010215856e-06       2.842374194839e-08      -4.278069121068e-08       2.570021035781e-08       0.000000000000e+00       0.000000000000e+00       0.000000000000e+00 
  253       5.820753180248e-06       2.860591043695e-08      -4.521257212530e-08       2.583770388429e-08       0.000000000000e+00       0.000000000000e+00       0.000000000000e+00 
  254       5.856424199012e-06       2.879274913652e-08      -4.765885283982e-08       2.597475865854e-08       0.000000000000e+00       0.000000000000e+00       0.000000000000e+00 
  255       5.889976205279e-06       2.898428928859e-08      -5.011477604256e-08       2.611129435319e-08       0.000000000000e+00       0.000000000000e+00       0.000000000000e+00 
  256       5.921361860250e-06       2.918056076028e-08      -5.257544017294e-08       2.624722842328e-08       0.000000000000e+00       0.000000000000e+00       0.000000000000e+00 
  257       5.950533554381e-06       2.938159202276e-08      -5.503579804899e-08       2.638247608502e-08       0.000000000000e+00       0.000000000000e+00       0.000000000000e+00 
  258       5.977443408573e-06       2.958741012982e-08      -5.749065549495e-08       2.651695029443e-08       0.000000000000e+00       0.000000000000e+00       0.000000000000e+00 
  259       6.002043275357e-06       2.979804069636e-08      -5.993466996880e-08       2.665056172607e-08       0.000000000000e+00       0.000000000000e+00       0.000000000000e+00 
  260       6.024284740089e-06       3.001350787685e-08      -6.236234918975e-08       2.678321875173e-08       0.000000000000e+00       0.000000000000e+00       0.000000000000e+00 
  261       6.044119122130e-06       3.023383434386e-08      -6.476804976588e-08       2.691482741912e-08       0.000000000000e+00       0.000000000000e+00       0.000000000000e+00 
  262       6.061497476039e-06       3.045904126655e-08      -6.714597582161e-08       2.704529143055e-08       0.000000000000e+00       0.000000000000e+00       0.000000000000e+00 
  263       6.076370592761e-06       3.068914828920e-08      -6.949017762528e-08       2.717451212168e-08       0.000000000000e+00       0.000000000000e+00       0.000000000000e+00 
  264       6.088689000812e-06       3.092417350966e-08      -7.179455021671e-08       2.730238844012e-08       0.000000000000e+00       0.000000000000e+00       0.000000000000e+00 
  265       6.098402967471e-06       3.116413345786e-08      -7.405283203470e-08       2.742881692423e-08       0.000000000000e+00       0.000000000000e+00       0.000000000000e+00 
  266       6.105476020078e-06       3.140901951021e-08      -7.625925453410e-08       2.755369785272e-08       0.000000000000e+00       0.000000000000e+00       0.000000000000e+00 
  267       6.109926320799e-06       3.165872575818e-08      -7.841053293900e-08       2.767695410757e-08       0.000000000000e+00       0.000000000000e+00       0.000000000000e+00 
  268       6.111787540928e-06       3.191311718096e-08      -8.050398092206e-08       2.779851329396e-08       0.000000000000e+00       0.000000000000e+00       0.000000000000e+00 
  269       6.111095566973e-06       3.217205279591e-08      -8.253686907678e-08       2.791830165075e-08       0.000000000000e+00       0.000000000000e+00       0.000000000000e+00 
  270       6.107888524690e-06       3.243538559724e-08      -8.450642464504e-08       2.803624403951e-08       0.000000000000e+00       0.000000000000e+00       0.000000000000e+00 
  271       6.102206803110e-06       3.270296249470e-08      -8.640983124450e-08       2.815226393375e-08       0.000000000000e+00       0.000000000000e+00       0.000000000000e+00 
  272       6.094093078579e-06       3.297462425229e-08      -8.824422859611e-08       2.826628340795e-08       0.000000000000e+00       0.000000000000e+00       0.000000000000e+00 
  273       6.083592338782e-06       3.325020542691e-08      -9.000671225156e-08       2.837822312672e-08       0.000000000000e+00       0.000000000000e+00       0.000000000000e+00 
  274       6.070751906780e-06       3.352953430706e-08      -9.169433332078e-08       2.848800233393e-08       0.000000000000e+00       0.000000000000e+00       0.000000000000e+00 
  275       6.055621465040e-06       3.381243285152e-08      -9.330409819935e-08       2.859553884183e-08       0.000000000000e+00       0.000000000000e+00       0.000000000000e+00 
  276       6.038253079468e-06       3.409871662807e-08      -9.483296829604e-08       2.870074902013e-08       0.000000000000e+00       0.000000000000e+00       0.000000000000e+00 
  277       6.018701223438e-06       3.438819475210e-08      -9.627785976023e-08       2.880354778519e-08       0.000000000000e+00       0.000000000000e+00       0.000000000000e+00 
  278       5.997022801829e-06       3.468066982538e-08      -9.763564320938e-08       2.890384858907e-08       0.000000000000e+00       0.000000000000e+00       0.000000000000e+00 
  279       5.973277175053e-06       3.497593787468e-08      -9.890314345656e-08       2.900156340873e-08       0.000000000000e+00       0.000000000000e+00       0.000000000000e+00 
  280       5.947526183087e-06       3.527378829050e-08      -1.000771392378e-07       2.909660273507e-08       0.000000000000e+00       0.000000000000e+00       0.000000000000e+00 
  281       5.919834169508e-06       3.557400376573e-08      -1.011543629397e-07       2.918887556212e-08       0.000000000000e+00       0.000000000000e+00       0.000000000000e+00 
  282       5.890268005522e-06       3.587636023432e-08      -1.021315003269e-07       2.927828937611e-08       0.000000000000e+00       0.000000000000e+00       0.000000000000e+00 
  283       5.858897113996e-06       3.618062681003e-08      -1.030051902693e-07       2.936475014464e-08       0.000000000000e+00       0.000000000000e+00       0.000000000000e+00 
  284       5.825793493493e-06       3.648656572504e-08      -1.037720244697e-07       2.944816230575e-08       0.000000000000e+00       0.000000000000e+00       0.000000000000e+00 
  285       5.791031742301e-06       3.679393226867e-08      -1.044285471916e-07       2.952842875708e-08       0.000000000000e+00       0.000000000000e+00       0.000000000000e+00 
  286       5.754689082464e-06       3.710247472607e-08      -1.049712549861e-07       2.960545084498e-08       0.000000000000e+00       0.000000000000e+00       0.000000000000e+00 
  287       5.716845383819e-06       3.741193431691e-08      -1.053965964195e-07       2.967912835364e-08       0.000000000000e+00       0.000000000000e+00       0.000000000000e+00 
  288       5.677583188023e-06       3.772204513402e-08      -1.057009718012e-07       2.974935949418e-08       0.000000000000e+00       0.000000000000e+00       0.000000000000e+00 
  289       5.636987732586e-06       3.803253408214e-08      -1.058807329106e-07       2.981604089381e-08       0.000000000000e+00       0.000000000000e+00       0.000000000000e+00 
  290       5.595146974905e-06       3.834312081655e-08      -1.059321827250e-07       2.987906758495e-08       0.000000000000e+00       0.000000000000e+00       0.000000000000e+00 
  291       5.552151616293e-06       3.865351768181e-08      -1.058515751468e-07       2.993833299431e-08       0.000000000000e+00       0.000000000000e+00       0.000000000000e+00 
  292       5.508095126015e-06       3.896342965037e-08      -1.056351147311e-07       2.999372893205e-08       0.000000000000e+00       0.000000000000e+00       0.000000000000e+00 
  293       5.463073765314e-06       3.927255426134e-08      -1.052789564132e-07       3.004514558090e-08       0.000000000000e+00       0.000000000000e+00       0.000000000000e+00 
  294       5.417186611450e-06       3.958058155912e-08      -1.047792052359e-07       3.009247148528e-08       0.000000000000e+00       0.000000000000e+00       0.000000000000e+00 
  295       5.370535581726e-06       3.988719403208e-08      -1.041319160771e-07       3.013559354038e-08       0.000000000000e+00       0.000000000000e+00       0.000000000000e+00 
  296       5.323225457523e-06       4.019206655129e-08      -1.033330933773e-07       3.017439698136e-08       0.000000000000e+00       0.000000000000e+00       0.000000000000e+00 
  297       5.275355035660e-06       4.049488746398e-08      -1.023796640580e-07       3.020879036477e-08       0.000000000000e+00       0.000000000000e+00       0.000000000000e+00 
  298       5.226990056419e-06       4.079542313636e-08      -1.012724492512e-07       3.023878188124e-08       0.000000000000e+00       0.000000000000e+00       0.000000000000e+00 
  299       5.178189003701e-06       4.109345643510e-08      -1.000133367947e-07       3.026440673889e-08       0.000000000000e+00       0.000000000000e+00       0.000000000000e+00 
  300       5.129011870802e-06       4.138876582342e-08      -9.860432212989e-08       3.028570252885e-08       0.000000000000e+00       0.000000000000e+00       0.000000000000e+00 
  301       5.079520172417e-06       4.168112532845e-08      -9.704750934802e-08       3.030270924831e-08       0.000000000000e+00       0.000000000000e+00       0.000000000000e+00 
  302       5.029776956641e-06       4.197030450857e-08      -9.534511223749e-08       3.031546932347e-08       0.000000000000e+00       0.000000000000e+00       0.000000000000e+00 
  303       4.979846816971e-06       4.225606842080e-08      -9.349945533067e-08       3.032402763260e-08       0.000000000000e+00       0.000000000000e+00       0.000000000000e+00 
  304       4.929795904308e-06       4.253817758816e-08      -9.151297495096e-08       3.032843152900e-08       0.000000000000e+00       0.000000000000e+00       0.000000000000e+00 
  305       4.879691938959e-06       4.281638796705e-08      -8.938822025965e-08       3.032873086407e-08       0.000000000000e+00       0.000000000000e+00       0.000000000000e+00 
  306       4.829604222639e-06       4.309045091459e-08      -8.712785430298e-08       3.032497801025e-08       0.000000000000e+00       0.000000000000e+00       0.000000000000e+00 
  307       4.779603650475e-06       4.336011315603e-08      -8.473465505902e-08       3.031722788406e-08       0.000000000000e+00       0.000000000000e+00       0.000000000000e+00 
  308       4.729762723004e-06       4.362511675206e-08      -8.221151648468e-08       3.030553796911e-08       0.000000000000e+00       0.000000000000e+00       0.000000000000e+00 
  309       4.680155558178e-06       4.388519906624e-08      -7.956144956266e-08       3.028996833910e-08       0.000000000000e+00       0.000000000000e+00       0.000000000000e+00 
  310       4.630857903366e-06       4.414009273234e-08      -7.678758334839e-08       3.027058168083e-08       0.000000000000e+00       0.000000000000e+00       0.000000000000e+00 
  311       4.581947147354e-06       4.438952562168e-08      -7.389316601703e-08       3.024744331721e-08       0.000000000000e+00       0.000000000000e+00       0.000000000000e+00 
  312       4.533502332350e-06       4.463322081055e-08      -7.088156591040e-08       3.022062123025e-08       0.000000000000e+00       0.000000000000e+00       0.000000000000e+00 
  313       4.485604165984e-06       4.487089654753e-08      -6.775627258395e-08       3.019018608411e-08       0.000000000000e+00       0.000000000000e+00       0.000000000000e+00 
  314       4.438335033309e-06       4.510226622091e-08      -6.452089785373e-08       3.015621124804e-08       0.000000000000e+00       0.000000000000e+00       0.000000000000e+00 
  315       4.391779008806e-06       4.532703832600e-08      -6.117917684334e-08       3.011877281945e-08       0.000000000000e+00       0.000000000000e+00       0.000000000000e+00 
  316       4.346021868384e-06       4.554491643254e-08      -5.773496903089e-08       3.007794964689e-08       0.000000000000e+00       0.000000000000e+00       0.000000000000e+00 
  317       4.301151101382e-06       4.575559915204e-08      -5.419225929598e-08       3.003382335306e-08       0.000000000000e+00       0.000000000000e+00       0.000000000000e+00 
  318       4.257255922571e-06       4.595878010518e-08      -5.055515896662e-08       2.998647835782e-08       0.000000000000e+00       0.000000000000e+00       0.000000000000e+00 
  319       4.214427284158e-06       4.615414788915e-08      -4.682790686626e-08       2.993600190119e-08       0.000000000000e+00       0.000000000000e+00       0.000000000000e+00 
  320       4.172757887787e-06       4.634138604502e-08      -4.301487036068e-08       2.988248406637e-08       0.000000000000e+00       0.000000000000e+00       0.000000000000e+00 
  321       4.132342196538e-06       4.652017302512e-08      -3.912054640500e-08       2.982601780273e-08       0.000000000000e+00       0.000000000000e+00       0.000000000000e+00 
  322       4.093276446934e-06       4.669018216041e-08      -3.514956259059e-08       2.976669894883e-08       0.000000000000e+00       0.000000000000e+00       0.000000000000e+00 
  323       4.055658660940e-06       4.685108162783e-08      -3.110667819211e-08       2.970462625543e-08       0.000000000000e+00       0.000000000000e+00       0.000000000000e+00 
  324       4.019588657964e-06       4.700253441767e-08      -2.699678521438e-08       2.963990140850e-08       0.000000000000e+00       0.000000000000e+00       0.000000000000e+00 
  325       3.985168066864e-06       4.714419830098e-08      -2.282490943943e-08       2.957262905221e-08       0.000000000000e+00       0.000000000000e+00       0.000000000000e+00 
  326       3.952500337943e-06       4.727572579685e-08      -1.859621147339e-08       2.950291681193e-08       0.000000000000e+00       0.000000000000e+00       0.000000000000e+00 
  327       3.921690754958e-06       4.739676413988e-08      -1.431598779348e-08       2.943087531729e-08       0.000000000000e+00       0.000000000000e+00       0.000000000000e+00 
  328       3.892846447116e-06       4.750695524747e-08      -9.989671794985e-09       2.935661822513e-08       0.000000000000e+00       0.000000000000e+00       0.000000000000e+00 
  329       3.866076401081e-06       4.760593568723e-08      -5.622834838184e-09       2.928026224252e-08       0.000000000000e+00       0.000000000000e+00       0.000000000000e+00 
  330       3.841491472972e-06       4.769333664434e-08      -1.221187295340e-09       2.920192714981e-08       0.000000000000e+00       0.000000000000e+00       0.000000000000e+00 
  331       3.819204400369e-06       4.776878388888e-08       3.209420402352e-09       2.912173582357e-08       0.000000000000e+00       0.000000000000e+00       0.000000000000e+00 
  332       3.799307498914e-06       4.783197814987e-08       7.663418750295e-09       2.903980502328e-08       0.000000000000e+00       0.000000000000e+00       0.000000000000e+00 
  333       3.781804652682e-06       4.788294017743e-08       1.213680455992e-08       2.895621726015e-08       0.000000000000e+00       0.000000000000e+00       0.000000000000e+00 
  334       3.766676379455e-06       4.792177631089e-08       1.662590961349e-08       2.887104774567e-08       0.000000000000e+00       0.000000000000e+00       0.000000000000e+00 
  335       3.753901866248e-06       4.794859909122e-08       2.112698310455e-08       2.878437353021e-08       0.000000000000e+00       0.000000000000e+00       0.000000000000e+00 
  336       3.743458957091e-06       4.796352731566e-08       2.563619104905e-08       2.869627351601e-08       0.000000000000e+00       0.000000000000e+00       0.000000000000e+00 
  337       3.735324140809e-06       4.796668609241e-08       3.014961569648e-08       2.860682847012e-08       0.000000000000e+00       0.000000000000e+00       0.000000000000e+00 
  338       3.729472538802e-06       4.795820689520e-08       3.466325494095e-08       2.851612103742e-08       0.000000000000e+00       0.000000000000e+00       0.000000000000e+00 
  339       3.725877892827e-06       4.793822761799e-08       3.917302173238e-08       2.842423575359e-08       0.000000000000e+00       0.000000000000e+00       0.000000000000e+00 
  340       3.724512552774e-06       4.790689262961e-08       4.367474348758e-08       2.833125905808e-08       0.000000000000e+00       0.000000000000e+00       0.000000000000e+00 
  341       3.725347464454e-06       4.786435282835e-08       4.816416150135e-08       2.823727930711e-08       0.000000000000e+00       0.000000000000e+00       0.000000000000e+00 
  342       3.728352157370e-06       4.781076569668e-08       5.263693035767e-08       2.814238678665e-08       0.000000000000e+00       0.000000000000e+00       0.000000000000e+00 
  343       3.733494732506e-06       4.774629535583e-08       5.708861734075e-08       2.804667372539e-08       0.000000000000e+00       0.000000000000e+00       0.000000000000e+00 
  344       3.740741850101e-06       4.767111262045e-08       6.151470184621e-08       2.795023430774e-08       0.000000000000e+00       0.000000000000e+00       0.000000000000e+00 
  345       3.750058717435e-06       4.758539505329e-08       6.591057479216e-08       2.785316468678e-08       0.000000000000e+00       0.000000000000e+00       0.000000000000e+00 
  346       3.761409076603e-06       4.748932701978e-08       7.027153803036e-08       2.775556299727e-08       0.000000000000e+00       0.000000000000e+00       0.000000000000e+00 
  347       3.774755192300e-06       4.738309974273e-08       7.459280375731e-08       2.765752936865e-08       0.000000000000e+00       0.000000000000e+00       0.000000000000e+00 
  348       3.790057839602e-06       4.726691135692e-08       7.886949392539e-08       2.755916593796e-08       0.000000000000e+00       0.000000000000e+00       0.000000000000e+00 
  349       3.807276291742e-06       4.714096696381e-08       8.309663965397e-08       2.746057686287e-08       0.000000000000e+00       0.000000000000e+00       0.000000000000e+00 
  350       3.826368307894e-06       4.700547868610e-08       8.726918064055e-08       2.736186833468e-08       0.000000000000e+00       0.000000000000e+00       0.000000000000e+00 
  351       3.847290120953e-06       4.686066572246e-08       9.138196457188e-08       2.726314859124e-08       0.000000000000e+00       0.000000000000e+00       0.000000000000e+00 
  352       3.869996425313e-06       4.670675440209e-08       9.542974653505e-08       2.716452792997e-08       0.000000000000e+00       0.000000000000e+00       0.000000000000e+00 
  353       3.894440364651e-06       4.654397823943e-08       9.940718842866e-08       2.706611872084e-08       0.000000000000e+00       0.000000000000e+00       0.000000000000e+00 
  354       3.920573519704e-06       4.637257798877e-08       1.033088583739e-07       2.696803541936e-08       0.000000000000e+00       0.000000000000e+00       0.000000000000e+00 
  355       3.948345896051e-06       4.619280169889e-08       1.071292301257e-07       2.687039457954e-08       0.000000000000e+00       0.000000000000e+00       0.000000000000e+00 
  356       3.977705911895e-06       4.600490476773e-08       1.108626824839e-07       2.677331486689e-08       0.000000000000e+00       0.000000000000e+00       0.000000000000e+00 
  357       4.008600385838e-06       4.580914999699e-08       1.145034987043e-07       2.667691707138e-08       0.000000000000e+00       0.000000000000e+00       0.000000000000e+00 
  358       4.040974524670e-06       4.560580764682e-08       1.180458659096e-07       2.658132412046e-08       0.000000000000e+00       0.000000000000e+00       0.000000000000e+00 
  359       4.074771911139e-06       4.539515549041e-08       1.214838745011e-07       2.648666109200e-08       0.000000000000e+00       0.000000000000e+00       0.000000000000e+00 
  360       4.109934491741e-06       4.517747886871e-08       1.248115175690e-07       2.639305522731e-08       0.000000000000e+00       0.000000000000e+00       0.000000000000e+00 
  361       4.146402564495e-06       4.495307074499e-08       1.280226903045e-07       2.630063594408e-08       0.000000000000e+00       0.000000000000e+00       0.000000000000e+00 
  362       4.184114766723e-06       4.472223175953e-08       1.311111894098e-07       2.620953484940e-08       0.000000000000e+00       0.000000000000e+00       0.000000000000e+00 
  363       4.223008062833e-06       4.448527028424e-08       1.340707125103e-07       2.611988575273e-08       0.000000000000e+00       0.000000000000e+00       0.000000000000e+00 
  364       4.263017732099e-06       4.424250247735e-08       1.368948575649e-07       2.603182467887e-08       0.000000000000e+00       0.000000000000e+00       0.000000000000e+00 
  365       4.304077356440e-06       4.399425233797e-08       1.395771222777e-07       2.594548988096e-08       0.000000000000e+00       0.000000000000e+00       0.000000000000e+00 
  366       4.346118808202e-06       4.374085176083e-08       1.421109035088e-07       2.586102185345e-08       0.000000000000e+00       0.000000000000e+00       0.000000000000e+00 
  367       4.389072237935e-06       4.348264059083e-08       1.444894966853e-07       2.577856334507e-08       0.000000000000e+00       0.000000000000e+00       0.000000000000e+00 
  368       4.432866062178e-06       4.321996667776e-08       1.467060952130e-07       2.569825937187e-08       0.000000000000e+00       0.000000000000e+00       0.000000000000e+00 
  369       4.477426951238e-06       4.295318593089e-08       1.487537898869e-07       2.562025723011e-08       0.000000000000e+00       0.000000000000e+00       0.000000000000e+00 
  370       4.522679816967e-06       4.268266237364e-08       1.506255683025e-07       2.554470650931e-08       0.000000000000e+00       0.000000000000e+00       0.000000000000e+00 
  371       4.568552368659e-06       4.240874934659e-08       1.523157540531e-07       2.547173315900e-08       0.000000000000e+00       0.000000000000e+00       0.000000000000e+00 
  372       4.614989002166e-06       4.213173219428e-08       1.538243875908e-07       2.540136054397e-08       0.000000000000e+00       0.000000000000e+00       0.000000000000e+00 
  373       4.661937429902e-06       4.185188344453e-08       1.551530155075e-07       2.533358532765e-08       0.000000000000e+00       0.000000000000e+00       0.000000000000e+00 
  374       4.709344153530e-06       4.156948149592e-08       1.563032668721e-07       2.526840313010e-08       0.000000000000e+00       0.000000000000e+00       0.000000000000e+00 
  375       4.757154455720e-06       4.128481065601e-08       1.572768538937e-07       2.520580851850e-08       0.000000000000e+00       0.000000000000e+00       0.000000000000e+00 
  376       4.805312391897e-06       4.099816117961e-08       1.580755725848e-07       2.514579499751e-08       0.000000000000e+00       0.000000000000e+00       0.000000000000e+00 
  377       4.853760781996e-06       4.070982930705e-08       1.587013034241e-07       2.508835499972e-08       0.000000000000e+00       0.000000000000e+00       0.000000000000e+00 
  378       4.902441202215e-06       4.042011730238e-08       1.591560120197e-07       2.503347987608e-08       0.000000000000e+00       0.000000000000e+00       0.000000000000e+00 
  379       4.951293976764e-06       4.012933349167e-08       1.594417497717e-07       2.498115988629e-08       0.000000000000e+00       0.000000000000e+00       0.000000000000e+00 
  380       5.000258169620e-06       3.983779230122e-08       1.595606545356e-07       2.493138418927e-08       0.000000000000e+00       0.000000000000e+00       0.000000000000e+00 
  381       5.049271576278e-06       3.954581429588e-08       1.595149512851e-07       2.488414083352e-08       0.000000000000e+00       0.000000000000e+00       0.000000000000e+00 
  382       5.098270715505e-06       3.925372621720e-08       1.593069527754e-07       2.483941674762e-08       0.000000000000e+00       0.000000000000e+00       0.000000000000e+00 
  383       5.147190821091e-06       3.896186102178e-08       1.589390602057e-07       2.479719773057e-08       0.000000000000e+00       0.000000000000e+00       0.000000000000e+00 
  384       5.195965833600e-06       3.867055791945e-08       1.584137638825e-07       2.475746844226e-08       0.000000000000e+00       0.000000000000e+00       0.000000000000e+00 
  385       5.244528392124e-06       3.838016241159e-08       1.577336438826e-07       2.472021239390e-08       0.000000000000e+00       0.000000000000e+00       0.000000000000e+00 
  386       5.292809826037e-06       3.809102632930e-08       1.569013707162e-07       2.468541193841e-08       0.000000000000e+00       0.000000000000e+00       0.000000000000e+00 
  387       5.340740146744e-06       3.780350787172e-08       1.559197059896e-07       2.465304826086e-08       0.000000000000e+00       0.000000000000e+00       0.000000000000e+00 
  388       5.388248039435e-06       3.751797164425e-08       1.547915030684e-07       2.462310136888e-08       0.000000000000e+00       0.000000000000e+00       0.000000000000e+00 
  389       5.435260854836e-06       3.723478869681e-08       1.535197077405e-07       2.459555008311e-08       0.000000000000e+00       0.000000000000e+00       0.000000000000e+00 
  390       5.481704600964e-06       3.695433656208e-08       1.521073588792e-07       2.457037202759e-08       0.000000000000e+00       0.000000000000e+00       0.000000000000e+00 
  391       5.527503934876e-06       3.667699929377e-08       1.505575891058e-07       2.454754362020e-08       0.000000000000e+00       0.000000000000e+00       0.000000000000e+00 
  392       5.572582154425e-06       3.640316750487e-08       1.488736254531e-07       2.452704006307e-08       0.000000000000e+00       0.000000000000e+00       0.000000000000e+00 
  393       5.616861190007e-06       3.613323840587e-08       1.470587900280e-07       2.450883533301e-08       0.000000000000e+00       0.000000000000e+00       0.000000000000e+00 
  394       5.660261596320e-06       3.586761584307e-08       1.451165006750e-07       2.449290217194e-08       0.000000000000e+00       0.000000000000e+00       0.000000000000e+00 
  395       5.702702544112e-06       3.560671033676e-08       1.430502716384e-07       2.447921207730e-08       0.000000000000e+00       0.000000000000e+00       0.000000000000e+00 
  396       5.744101811932e-06       3.535093911955e-08       1.408637142263e-07       2.446773529247e-08       0.000000000000e+00       0.000000000000e+00       0.000000000000e+00 
  397       5.784375777887e-06       3.510072617454e-08       1.385605374726e-07       2.445844079720e-08       0.000000000000e+00       0.000000000000e+00       0.000000000000e+00 
  398       5.823439411391e-06       3.485650227363e-08       1.361445488009e-07       2.445129629803e-08       0.000000000000e+00       0.000000000000e+00       0.000000000000e+00 
  399       5.861206264918e-06       3.461870501578e-08       1.336196546867e-07       2.444626821871e-08       0.000000000000e+00       0.000000000000e+00       0.000000000000e+00 
  400       5.897588465754e-06       3.438777886519e-08       1.309898613211e-07       2.444332169063e-08       0.000000000000e+00       0.000000000000e+00       0.000000000000e+00 
  401       5.932496707750e-06       3.416417518964e-08       1.282592752734e-07       2.444242054322e-08       0.000000000000e+00       0.000000000000e+00       0.000000000000e+00 
  402       5.965840243075e-06       3.394835229866e-08       1.254321041541e-07       2.444352729440e-08       0.000000000000e+00       0.000000000000e+00       0.000000000000e+00 
  403       5.997526873966e-06       3.374077548185e-08       1.225126572781e-07       2.444660314100e-08       0.000000000000e+00       0.000000000000e+00       0.000000000000e+00 
  404       6.027462944483e-06       3.354191704710e-08       1.195053463274e-07       2.445160794914e-08       0.000000000000e+00       0.000000000000e+00       0.000000000000e+00 
  405       6.055553332258e-06       3.335225635882e-08       1.164146860146e-07       2.445850024471e-08       0.000000000000e+00       0.000000000000e+00       0.000000000000e+00 
  406       6.081701440251e-06       3.317227987624e-08       1.132452947453e-07       2.446723720376e-08       0.000000000000e+00       0.000000000000e+00       0.000000000000e+00 
  407       6.105809188501e-06       3.300248119164e-08       1.100018952815e-07       2.447777464292e-08       0.000000000000e+00       0.000000000000e+00       0.000000000000e+00 
  408       6.127777005876e-06       3.284336106858e-08       1.066893154047e-07       2.449006700984e-08       0.000000000000e+00       0.000000000000e+00       0.000000000000e+00 
  409       6.147503821828e-06       3.269542748018e-08       1.033124885783e-07       2.450406737359e-08       0.000000000000e+00       0.000000000000e+00       0.000000000000e+00 
  410       6.164887058145e-06       3.255919564737e-08       9.987645461128e-08       2.451972741510e-08       0.000000000000e+00       0.000000000000e+00       0.000000000000e+00 
  411       6.179843803324e-06       3.243508682830e-08       9.638612024614e-08       2.453699297340e-08       0.000000000000e+00       0.000000000000e+00       0.000000000000e+00 
  412       6.192375176814e-06       3.232312066852e-08       9.284553025167e-08       2.455579053044e-08       0.000000000000e+00       0.000000000000e+00       0.000000000000e+00 
  413       6.202504222759e-06       3.222321205577e-08       8.925857187827e-08       2.457604022993e-08       0.000000000000e+00       0.000000000000e+00       0.000000000000e+00 
  414       6.210254939545e-06       3.213527135344e-08       8.562921309752e-08       2.459766026567e-08       0.000000000000e+00       0.000000000000e+00       0.000000000000e+00 
  415       6.215652286566e-06       3.205920436711e-08       8.196150309508e-08       2.462056686885e-08       0.000000000000e+00       0.000000000000e+00       0.000000000000e+00 
  416       6.218722190989e-06       3.199491231101e-08       7.825957276350e-08       2.464467429529e-08       0.000000000000e+00       0.000000000000e+00       0.000000000000e+00 
  417       6.219491554513e-06       3.194229177457e-08       7.452763519515e-08       2.466989481276e-08       0.000000000000e+00       0.000000000000e+00       0.000000000000e+00 
  418       6.217988260136e-06       3.190123468888e-08       7.076998617506e-08       2.469613868819e-08       0.000000000000e+00       0.000000000000e+00       0.000000000000e+00 
  419       6.214241178920e-06       3.187162829324e-08       6.699100467380e-08       2.472331417500e-08       0.000000000000e+00       0.000000000000e+00       0.000000000000e+00 
  420       6.208280176751e-06       3.185335510157e-08       6.319515334031e-08       2.475132750034e-08       0.000000000000e+00       0.000000000000e+00       0.000000000000e+00 
  421       6.200136121105e-06       3.184629286900e-08       5.938697899484e-08       2.478008285237e-08       0.000000000000e+00       0.000000000000e+00       0.000000000000e+00 
  422       6.189840887812e-06       3.185031455835e-08       5.557111312175e-08       2.480948236755e-08       0.000000000000e+00       0.000000000000e+00       0.000000000000e+00 
  423       6.177427367819e-06       3.186528830657e-08       5.175227236240e-08       2.483942611787e-08       0.000000000000e+00       0.000000000000e+00       0.000000000000e+00 
  424       6.162929473954e-06       3.189107739132e-08       4.793525900803e-08       2.486981209818e-08       0.000000000000e+00       0.000000000000e+00       0.000000000000e+00 
  425       6.146382147688e-06       3.192754019743e-08       4.412496149264e-08       2.490053621341e-08       0.000000000000e+00       0.000000000000e+00       0.000000000000e+00 
  426       6.127821365903e-06       3.197453018340e-08       4.032635488582e-08       2.493149226588e-08       0.000000000000e+00       0.000000000000e+00       0.000000000000e+00 
  427       6.107284147650e-06       3.203189584789e-08       3.654450138562e-08       2.496257194253e-08       0.000000000000e+00       0.000000000000e+00       0.000000000000e+00 
  428       6.084808560920e-06       3.209948069627e-08       3.278455081148e-08       2.499366480226e-08       0.000000000000e+00       0.000000000000e+00       0.000000000000e+00 
  429       6.060433729400e-06       3.217712320706e-08       2.905174109701e-08       2.502465826313e-08       0.000000000000e+00       0.000000000000e+00       0.000000000000e+00 
  430       6.034199839241e-06       3.226465679845e-08       2.535139878292e-08       2.505543758967e-08       0.000000000000e+00       0.000000000000e+00       0.000000000000e+00 
  431       6.006148145821e-06       3.236190979483e-08       2.168893950989e-08       2.508588588017e-08       0.000000000000e+00       0.000000000000e+00       0.000000000000e+00 
  432       5.976320980510e-06       3.246870539323e-08       1.806986851137e-08       2.511588405391e-08       0.000000000000e+00       0.000000000000e+00       0.000000000000e+00 
  433       5.944761757432e-06       3.258486162990e-08       1.449978110655e-08       2.514531083846e-08       0.000000000000e+00       0.000000000000e+00       0.000000000000e+00 
  434       5.911514980228e-06       3.271019134672e-08       1.098436319314e-08       2.517404275693e-08       0.000000000000e+00       0.000000000000e+00       0.000000000000e+00 
  435       5.876626248821e-06       3.284450215778e-08       7.529391740276e-09       2.520195411529e-08       0.000000000000e+00       0.000000000000e+00       0.000000000000e+00 
  436       5.840142266183e-06       3.298759641581e-08       4.140735281397e-09       2.522891698957e-08       0.000000000000e+00       0.000000000000e+00       0.000000000000e+00 
  437       5.802110845090e-06       3.313927117874e-08       8.243544070922e-10       2.525480121321e-08       0.000000000000e+00       0.000000000000e+00       0.000000000000e+00 
  438       5.762580914896e-06       3.329931817618e-08      -2.413697742018e-09       2.527947436429e-08       0.000000000000e+00       0.000000000000e+00       0.000000000000e+00 
  439       5.721602528290e-06       3.346752377588e-08      -5.567274982421e-09       2.530280175277e-08       0.000000000000e+00       0.000000000000e+00       0.000000000000e+00 
  440       5.679226868060e-06       3.364366895030e-08      -8.630137594837e-09       2.532464640786e-08       0.000000000000e+00       0.000000000000e+00       0.000000000000e+00 
  441       5.635506253862e-06       3.382752924306e-08      -1.159595183136e-08       2.534486906519e-08       0.000000000000e+00       0.000000000000e+00       0.000000000000e+00 
  442       5.590494148976e-06       3.401887473545e-08      -1.445828942257e-08       2.536332815413e-08       0.000000000000e+00       0.000000000000e+00       0.000000000000e+00 
  443       5.544245167078e-06       3.421747001293e-08      -1.721062708471e-08       2.537987978509e-08       0.000000000000e+00       0.000000000000e+00       0.000000000000e+00 
  444       5.496815078996e-06       3.442307413167e-08      -1.984634602674e-08       2.539437773674e-08       0.000000000000e+00       0.000000000000e+00       0.000000000000e+00 
  445       5.448260819479e-06       3.463544058496e-08      -2.235873145756e-08       2.540667344328e-08       0.000000000000e+00       0.000000000000e+00       0.000000000000e+00 
  446       5.398640493959e-06       3.485431726980e-08      -2.474097209308e-08       2.541661598179e-08       0.000000000000e+00       0.000000000000e+00       0.000000000000e+00 
  447       5.348013385314e-06       3.507944645336e-08      -2.698615966335e-08       2.542405205940e-08       0.000000000000e+00       0.000000000000e+00       0.000000000000e+00 
  448       5.296439960634e-06       3.531056473947e-08      -2.908728841975e-08       2.542882600064e-08       0.000000000000e+00       0.000000000000e+00       0.000000000000e+00 
  449       5.243981877982e-06       3.554740303515e-08      -3.103725464205e-08       2.543077973468e-08       0.000000000000e+00       0.000000000000e+00       0.000000000000e+00 
  450       5.190701993159e-06       3.578968651708e-08      -3.282885614558e-08       2.542975278259e-08       0.000000000000e+00       0.000000000000e+00       0.000000000000e+00 
  451       5.136661063829e-06       3.603712908466e-08      -3.445623893232e-08       2.542561035125e-08       0.000000000000e+00       0.000000000000e+00       0.000000000000e+00 
  452       5.081907731196e-06       3.628941659051e-08      -3.591928946969e-08       2.541832863752e-08       0.000000000000e+00       0.000000000000e+00       0.000000000000e+00 
  453       5.026488228769e-06       3.654622300360e-08      -3.721938299416e-08       2.540791224812e-08       0.000000000000e+00       0.000000000000e+00       0.000000000000e+00 
  454       4.970449660629e-06       3.680721583723e-08      -3.835794951862e-08       2.539436634536e-08       0.000000000000e+00       0.000000000000e+00       0.000000000000e+00 
  455       4.913840006247e-06       3.707205611230e-08      -3.933647419148e-08       2.537769665090e-08       0.000000000000e+00       0.000000000000e+00       0.000000000000e+00 
  456       4.856708125303e-06       3.734039832053e-08      -4.015649765561e-08       2.535790944963e-08       0.000000000000e+00       0.000000000000e+00       0.000000000000e+00 
  457       4.799103762509e-06       3.761189038774e-08      -4.081961640740e-08       2.533501159342e-08       0.000000000000e+00       0.000000000000e+00       0.000000000000e+00 
  458       4.741077552422e-06       3.788617363710e-08      -4.132748315573e-08       2.530901050500e-08       0.000000000000e+00       0.000000000000e+00       0.000000000000e+00 
  459       4.682681024272e-06       3.816288275238e-08      -4.168180718102e-08       2.527991418173e-08       0.000000000000e+00       0.000000000000e+00       0.000000000000e+00 
  460       4.623966606774e-06       3.844164574123e-08      -4.188435469421e-08       2.524773119944e-08       0.000000000000e+00       0.000000000000e+00       0.000000000000e+00 
  461       4.564987632952e-06       3.872208389837e-08      -4.193694919579e-08       2.521247071625e-08       0.000000000000e+00       0.000000000000e+00       0.000000000000e+00 
  462       4.505798344958e-06       3.900381176892e-08      -4.184147183480e-08       2.517414247639e-08       0.000000000000e+00       0.000000000000e+00       0.000000000000e+00 
  463       4.446453898891e-06       3.928643711161e-08      -4.159986176784e-08       2.513275681401e-08       0.000000000000e+00       0.000000000000e+00       0.000000000000e+00 
  464       4.387010369614e-06       3.956956086204e-08      -4.121411651811e-08       2.508832465697e-08       0.000000000000e+00       0.000000000000e+00       0.000000000000e+00 
  465       4.327524755581e-06       3.985277709594e-08      -4.068629233437e-08       2.504085753074e-08       0.000000000000e+00       0.000000000000e+00       0.000000000000e+00 
  466       4.268054983647e-06       4.013567299243e-08      -4.001850454999e-08       2.499036756211e-08       0.000000000000e+00       0.000000000000e+00       0.000000000000e+00 
  467       4.208659913896e-06       4.041782879727e-08      -3.921292794196e-08       2.493686748310e-08       0.000000000000e+00       0.000000000000e+00       0.000000000000e+00 
  468       4.149399344455e-06       4.069881778610e-08      -3.827179708986e-08       2.488037063473e-08       0.000000000000e+00       0.000000000000e+00       0.000000000000e+00 
  469       4.090334016317e-06       4.097820622772e-08      -3.719740673494e-08       2.482089097084e-08       0.000000000000e+00       0.000000000000e+00       0.000000000000e+00 
  470       4.031525618158e-06       4.125555334731e-08      -3.599211213906e-08       2.475844306194e-08       0.000000000000e+00       0.000000000000e+00       0.000000000000e+00 
  471       3.973036791158e-06       4.153041128973e-08      -3.465832944375e-08       2.469304209897e-08       0.000000000000e+00       0.000000000000e+00       0.000000000000e+00 
  472       3.914931133821e-06       4.180232508275e-08      -3.319853602921e-08       2.462470389718e-08       0.000000000000e+00       0.000000000000e+00       0.000000000000e+00 
  473       3.857273206793e-06       4.207083260027e-08      -3.161527087329e-08       2.455344489991e-08       0.000000000000e+00       0.000000000000e+00       0.000000000000e+00 
  474       3.800128537684e-06       4.233546452566e-08      -2.991113491055e-08       2.447928218241e-08       0.000000000000e+00       0.000000000000e+00       0.000000000000e+00 
  475       3.743563625886e-06       4.259574431491e-08      -2.808879139124e-08       2.440223345569e-08       0.000000000000e+00       0.000000000000e+00       0.000000000000e+00 
  476       3.687645947390e-06       4.285118815998e-08      -2.615096624032e-08       2.432231707029e-08       0.000000000000e+00       0.000000000000e+00       0.000000000000e+00 
  477       3.632443959613e-06       4.310130495199e-08      -2.410044841646e-08       2.423955202014e-08       0.000000000000e+00       0.000000000000e+00       0.000000000000e+00 
  478       3.578027106209e-06       4.334559624450e-08      -2.194009027107e-08       2.415395794633e-08       0.000000000000e+00       0.000000000000e+00       0.000000000000e+00 
  479       3.524465821895e-06       4.358355621676e-08      -1.967280790730e-08       2.406555514099e-08       0.000000000000e+00       0.000000000000e+00       0.000000000000e+00 
  480       3.471831537266e-06       4.381467163697e-08      -1.730158153906e-08       2.397436455106e-08       0.000000000000e+00       0.000000000000e+00       0.000000000000e+00 
  481       3.420196683619e-06       4.403842182552e-08      -1.482945584999e-08       2.388040778213e-08       0.000000000000e+00       0.000000000000e+00       0.000000000000e+00 
  482       3.369634697770e-06       4.425427861826e-08      -1.225954035255e-08       2.378370710224e-08       0.000000000000e+00       0.000000000000e+00       0.000000000000e+00 
  483       3.320220026872e-06       4.446170632975e-08      -9.595009746961e-09       2.368428544572e-08       0.000000000000e+00       0.000000000000e+00       0.000000000000e+00 
  484       3.272028133238e-06       4.466016171651e-08      -6.839104280232e-09       2.358216641699e-08       0.000000000000e+00       0.000000000000e+00       0.000000000000e+00 
  485       3.225135499160e-06       4.484909394027e-08      -3.995130105195e-09       2.347737429440e-08       0.000000000000e+00       0.000000000000e+00       0.000000000000e+00 
  486       3.179619631726e-06       4.502794453123e-08      -1.066459639494e-09       2.336993403400e-08       0.000000000000e+00       0.000000000000e+00       0.000000000000e+00 
  487       3.135559067642e-06       4.519614735134e-08       1.943468075396e-09       2.325987127343e-08       0.000000000000e+00       0.000000000000e+00       0.000000000000e+00 
  488       3.093033378051e-06       4.535312855751e-08       5.031147015161e-09       2.314721233566e-08       0.000000000000e+00       0.000000000000e+00       0.000000000000e+00 
  489       3.052123173353e-06       4.549830656487e-08       8.193003813637e-09       2.303198423289e-08       0.000000000000e+00       0.000000000000e+00       0.000000000000e+00 
  490       3.012910108022e-06       4.563109201007e-08       1.142539740380e-08       2.291421467028e-08       0.000000000000e+00       0.000000000000e+00       0.000000000000e+00 
  491       2.975460374915e-06       4.575099562728e-08       1.472460751808e-08       2.279394135334e-08       0.000000000000e+00       0.000000000000e+00       0.000000000000e+00 
  492       2.939774640512e-06       4.585795546635e-08       1.808680054441e-08       2.267124020540e-08       0.000000000000e+00       0.000000000000e+00       0.000000000000e+00 
  493       2.905836636065e-06       4.595201929571e-08       2.150806195129e-08       2.254619799354e-08       0.000000000000e+00       0.000000000000e+00       0.000000000000e+00 
  494       2.873629530637e-06       4.603323758284e-08       2.498440697350e-08       2.241890310909e-08       0.000000000000e+00       0.000000000000e+00       0.000000000000e+00 
  495       2.843135927715e-06       4.610166351117e-08       2.851178024748e-08       2.228944557609e-08       0.000000000000e+00       0.000000000000e+00       0.000000000000e+00 
  496       2.814337861835e-06       4.615735299692e-08       3.208605544684e-08       2.215791705969e-08       0.000000000000e+00       0.000000000000e+00       0.000000000000e+00 
  497       2.787216795196e-06       4.620036470595e-08       3.570303491779e-08       2.202441087463e-08       0.000000000000e+00       0.000000000000e+00       0.000000000000e+00 
  498       2.761753614277e-06       4.623076007065e-08       3.935844931461e-08       2.188902199365e-08       0.000000000000e+00       0.000000000000e+00       0.000000000000e+00 
  499       2.737928626459e-06       4.624860330677e-08       4.304795723506e-08       2.175184705593e-08       0.000000000000e+00       0.000000000000e+00       0.000000000000e+00 
  500       2.715721556641e-06       4.625396143029e-08       4.676714485591e-08       2.161298437557e-08       0.000000000000e+00       0.000000000000e+00       0.000000000000e+00 
