# Matter power spectrum P(k) at redshift z=0
# for k=1.04206e-05 to 5.30492 h/Mpc,
# number of wavenumbers equal to 556
#    1:k (h/Mpc)              2:P (Mpc/h)^3        
       1.042057218184e-05       4.833537524526e+01 
       2.326965112415e-05       1.050300524713e+02 
       3.616368416872e-05       1.608004190354e+02 
       4.913719191725e-05       2.162184422683e+02 
       6.222526306445e-05       2.716135683927e+02 
       7.546386573355e-05       3.272350781124e+02 
       8.889016871877e-05       3.832976870372e+02 
       1.025428768881e-04       4.400002620061e+02 
       1.164625850318e-04       4.975354594567e+02 
       1.306921544768e-04       5.560955874617e+02 
       1.452771167917e-04       6.158767102471e+02 
       1.602661088538e-04       6.770818630351e+02 
       1.757113433749e-04       7.399238137534e+02 
       1.916691186261e-04       8.046276059908e+02 
       2.082003704664e-04       8.714330000044e+02 
       2.253712687320e-04       9.405968953434e+02 
       2.432538584340e-04       1.012395755995e+03 
       2.619267438085e-04       1.087128083996e+03 
       2.814758098240e-04       1.165116899166e+03 
       3.019949709311e-04       1.246712204043e+03 
       3.235869302956e-04       1.332293294566e+03 
       3.463639240694e-04       1.422270857865e+03 
       3.704484140748e-04       1.517088600685e+03 
       3.959736783305e-04       1.617224427892e+03 
       4.230842321522e-04       1.723190773704e+03 
       4.519359935960e-04       1.835533944880e+03 
       4.826960870561e-04       1.954831870725e+03 
       5.155421603026e-04       2.081689175191e+03 
       5.506610770747e-04       2.216729696421e+03 
       5.882468451593e-04       2.360584127737e+03 
       6.284976558419e-04       2.513877081217e+03 
       6.716119524841e-04       2.677210782274e+03 
       7.177835202354e-04       2.851150721916e+03 
       7.671956976641e-04       3.036208535595e+03 
       8.200149485639e-04       3.232810185881e+03 
       8.763841814321e-04       3.441262316617e+03 
       9.364163367091e-04       3.661681739379e+03 
       1.000188842050e-03       3.893997947080e+03 
       1.067739530131e-03       4.137961973545e+03 
       1.139064503232e-03       4.393281353791e+03 
       1.214118221415e-03       4.659713171521e+03 
       1.292815822631e-03       4.936921929112e+03 
       1.375037409658e-03       5.224363033713e+03 
       1.460633819102e-03       5.520589464143e+03 
       1.549433263643e-03       5.823625537739e+03 
       1.641248223755e-03       6.131367745121e+03 
       1.735882043984e-03       6.442225440391e+03 
       1.833134827612e-03       6.757757587968e+03 
       1.932808383248e-03       7.080710710088e+03 
       2.034710125310e-03       7.413897167737e+03 
       2.138655947702e-03       7.759779189141e+03 
       2.244472168970e-03       8.114568092361e+03 
       2.351996690194e-03       8.469333515436e+03 
       2.461079521215e-03       8.815190720653e+03 
       2.571582825405e-03       9.143623732018e+03 
       2.683380616443e-03       9.449042251862e+03 
       2.796358218551e-03       9.762994018467e+03 
       2.910411578940e-03       1.014421559904e+04 
       3.025446500155e-03       1.065101933325e+04 
       3.141377841964e-03       1.134504404533e+04 
       3.258128727682e-03       1.229799273803e+04 
       3.375629778325e-03       1.359941018329e+04 
       3.493818389235e-03       1.535448345100e+04 
       3.612638057434e-03       1.769979221641e+04 
       3.732037763424e-03       2.082789992848e+04 
       3.851971407996e-03       2.501196830180e+04 
       3.972397302585e-03       3.064223275684e+04 
       4.093277710397e-03       3.828075464991e+04 
       4.214578434808e-03       4.873825474145e+04 
       4.336268451195e-03       6.305609710075e+04 
       4.458319578280e-03       8.252367559196e+04 
       4.580706185135e-03       1.088110562860e+05 
       4.703404930208e-03       1.440401201135e+05 
       4.826394528974e-03       1.908442275128e+05 
       4.949655547086e-03       2.524097280292e+05 
       5.073170216191e-03       3.324742994331e+05 
       5.196922269879e-03       4.352766285723e+05 
       5.320896797456e-03       5.655174666675e+05 
       5.445080113527e-03       7.289921705586e+05 
       5.569459641572e-03       9.327453968853e+05 
       5.694023809915e-03       1.184969448811e+06 
       5.818761958675e-03       1.495349008868e+06 
       5.943664256446e-03       1.874947734760e+06 
       6.068721625606e-03       2.336557112668e+06 
       6.193925675282e-03       2.894877249961e+06 
       6.319268641115e-03       3.566704927933e+06 
       6.444743331067e-03       4.371154671852e+06 
       6.570343076612e-03       5.329694314749e+06 
       6.696061688712e-03       6.466847841309e+06 
       6.821893418064e-03       7.809753185360e+06 
       6.947832919166e-03       9.388710512018e+06 
       7.073875217785e-03       1.123724865437e+07 
       7.200015681476e-03       1.339242294443e+07 
       7.326249992837e-03       1.589508089043e+07 
       7.452574125202e-03       1.878984571531e+07 
       7.578984320550e-03       2.212592831097e+07 
       7.705477069379e-03       2.595705519665e+07 
       7.832049092365e-03       3.033973505153e+07 
       7.958697323625e-03       3.533695148234e+07 
       8.085418895432e-03       4.101596809347e+07 
       8.212211124224e-03       4.744910907197e+07 
       8.339071497814e-03       5.471353615037e+07 
       8.465997663657e-03       6.289226307669e+07 
       8.592987418093e-03       7.207443471802e+07 
       8.720038696471e-03       8.235507514734e+07 
       8.847149564069e-03       9.383525623068e+07 
       8.974318207751e-03       1.066221352123e+08 
       9.101542928276e-03       1.208297644577e+08 
       9.228822133218e-03       1.365781976472e+08 
       9.356154330437e-03       1.539941934742e+08 
       9.483538122048e-03       1.732114684126e+08 
       9.610972198861e-03       1.943703015681e+08 
       9.738455335230e-03       2.176182576212e+08 
       9.865986384300e-03       2.431083765443e+08 
       9.993564273599e-03       2.710040438399e+08 
       1.012118800096e-02       3.014706362893e+08 
       1.024885663075e-02       3.346858619475e+08 
       1.037656929035e-02       3.708328140004e+08 
       1.050432516691e-02       4.100984024929e+08 
       1.063212350435e-02       4.526790406305e+08 
       1.075996360053e-02       4.987809745355e+08 
       1.088784480465e-02       5.486069482225e+08 
       1.101576651488e-02       6.023795888977e+08 
       1.114372817602e-02       6.603175815038e+08 
       1.127172927752e-02       7.226506620652e+08 
       1.139976935144e-02       7.896124678140e+08 
       1.152784797069e-02       8.614444627832e+08 
       1.165596474734e-02       9.383934147486e+08 
       1.178411933107e-02       1.020711144881e+09 
       1.191231140769e-02       1.108654977350e+09 
       1.204054069778e-02       1.202490994322e+09 
       1.216880695546e-02       1.302473990134e+09 
       1.229710996722e-02       1.408891621267e+09 
       1.242544955078e-02       1.522012343809e+09 
       1.255382555417e-02       1.642121213846e+09 
       1.268223785470e-02       1.769498735197e+09 
       1.281068635814e-02       1.904437847245e+09 
       1.293917099791e-02       2.047221525709e+09 
       1.306769173434e-02       2.198151116830e+09 
       1.319624855393e-02       2.357515514615e+09 
       1.332484146880e-02       2.525623366416e+09 
       1.345347051603e-02       2.702773599408e+09 
       1.358213575713e-02       2.889270305960e+09 
       1.371083727760e-02       3.085402260380e+09 
       1.383957518639e-02       3.291487845130e+09 
       1.396834961557e-02       3.507834011103e+09 
       1.409716071990e-02       3.734752983181e+09 
       1.422600867652e-02       3.972544136869e+09 
       1.435489368463e-02       4.221508953116e+09 
       1.448381596521e-02       4.481951759005e+09 
       1.461277576080e-02       4.754193583669e+09 
       1.474177333527e-02       5.038521825817e+09 
       1.487080897367e-02       5.335247348766e+09 
       1.499988298201e-02       5.644645302345e+09 
       1.512899568719e-02       5.967047010624e+09 
       1.525814743687e-02       6.302719989836e+09 
       1.538733859939e-02       6.651978204747e+09 
       1.551656956372e-02       7.015075343761e+09 
       1.564584073940e-02       7.392333061355e+09 
       1.577515255657e-02       7.783996792667e+09 
       1.590450546593e-02       8.190382644911e+09 
       1.603389993880e-02       8.611716308937e+09 
       1.616333646718e-02       9.048282553415e+09 
       1.629281556376e-02       9.500347339146e+09 
       1.642233776207e-02       9.968138546732e+09 
       1.655190361655e-02       1.045191633967e+10 
       1.668151370268e-02       1.095198764454e+10 
       1.681116861713e-02       1.146848891508e+10 
       1.694086897792e-02       1.200175387845e+10 
       1.707061542457e-02       1.255186317839e+10 
       1.720040861833e-02       1.311912877178e+10 
       1.733024924236e-02       1.370374019007e+10 
       1.746013800200e-02       1.430592736929e+10 
       1.759007562495e-02       1.492584027895e+10 
       1.772006286159e-02       1.556308934841e+10 
       1.785010048523e-02       1.621962837761e+10 
       1.798018929242e-02       1.689327164988e+10 
       1.811033010322e-02       1.758649940960e+10 
       1.824052376159e-02       1.829708896065e+10 
       1.837077113569e-02       1.902700193367e+10 
       1.850107311825e-02       1.977597964411e+10 
       1.863143062694e-02       2.054417332072e+10 
       1.876184460481e-02       2.133095272429e+10 
       1.889231602063e-02       2.213650110028e+10 
       1.902284586938e-02       2.296234919470e+10 
       1.915343517266e-02       2.380651428164e+10 
       1.928408497917e-02       2.467049924502e+10 
       1.941479636520e-02       2.555399795340e+10 
       1.954557043510e-02       2.645859872872e+10 
       1.967640832185e-02       2.738150586688e+10 
       1.980731118754e-02       2.832405515151e+10 
       1.993828022397e-02       2.928581555780e+10 
       2.006931665321e-02       3.026796625399e+10 
       2.020042172819e-02       3.126957545036e+10 
       2.033159673334e-02       3.229239336926e+10 
       2.046284298520e-02       3.333382742179e+10 
       2.059416183310e-02       3.439496615598e+10 
       2.072555465984e-02       3.547432353253e+10 
       2.085702288238e-02       3.657515404705e+10 
       2.098856795258e-02       3.769639555024e+10 
       2.112019135793e-02       3.883502170154e+10 
       2.125189462236e-02       3.999393264727e+10 
       2.138367930699e-02       4.117269663540e+10 
       2.151554701099e-02       4.237073459569e+10 
       2.164749937244e-02       4.358822160843e+10 
       2.177953806914e-02       4.482503460077e+10 
       2.191166481961e-02       4.608068760523e+10 
       2.204388138394e-02       4.735523799621e+10 
       2.217618956478e-02       4.864859492442e+10 
       2.230859120836e-02       4.996105375480e+10 
       2.244108820548e-02       5.129185411347e+10 
       2.257368249257e-02       5.264099964519e+10 
       2.270637605277e-02       5.400886655059e+10 
       2.283917091708e-02       5.539564490633e+10 
       2.297206916549e-02       5.679847336531e+10 
       2.310507292820e-02       5.822178391721e+10 
       2.323818438680e-02       5.965932623887e+10 
       2.337140577562e-02       6.111602644738e+10 
       2.350473938296e-02       6.258970168894e+10 
       2.363818755247e-02       6.408139274551e+10 
       2.377175268458e-02       6.558891840264e+10 
       2.390543723787e-02       6.711346920994e+10 
       2.403924373063e-02       6.865474428682e+10 
       2.417317474233e-02       7.021171577720e+10 
       2.430723291522e-02       7.178724161868e+10 
       2.444142095598e-02       7.337443759438e+10 
       2.457574163740e-02       7.497851653241e+10 
       2.471019780008e-02       7.660031210106e+10 
       2.484479235430e-02       7.823389945640e+10 
       2.497952828182e-02       7.988375707040e+10 
       2.511440863780e-02       8.154697440538e+10 
       2.524943655283e-02       8.322565794132e+10 
       2.538461523491e-02       8.491887582570e+10 
       2.551994797163e-02       8.662523142053e+10 
       2.565543813231e-02       8.834509618773e+10 
       2.579108917030e-02       9.007864975973e+10 
       2.592690462528e-02       9.182497327570e+10 
       2.606288812571e-02       9.358342758943e+10 
       2.619904339133e-02       9.535694622081e+10 
       2.633537423576e-02       9.713830653459e+10 
       2.647188456914e-02       9.893339879902e+10 
       2.660857840094e-02       1.007405948241e+11 
       2.674545984285e-02       1.025585536092e+11 
       2.688253311172e-02       1.043900663559e+11 
       2.701980253265e-02       1.062282564027e+11 
       2.715727254222e-02       1.080806683533e+11 
       2.729494769174e-02       1.099414769901e+11 
       2.743283265076e-02       1.118109360066e+11 
       2.757093221056e-02       1.136909722710e+11 
       2.770925128788e-02       1.155808115103e+11 
       2.784779492874e-02       1.174808064113e+11 
       2.798656831242e-02       1.193872719852e+11 
       2.812557675556e-02       1.213033145760e+11 
       2.826482571649e-02       1.232278240175e+11 
       2.840432079965e-02       1.251599613477e+11 
       2.854406776019e-02       1.271000579980e+11 
       2.868407250883e-02       1.290471431580e+11 
       2.882434111679e-02       1.310015164962e+11 
       2.896487982102e-02       1.329647607640e+11 
       2.910569502960e-02       1.349307865003e+11 
       2.924679332731e-02       1.369049142340e+11 
       2.938818148154e-02       1.388877273461e+11 
       2.952986644832e-02       1.408712209645e+11 
       2.967185537870e-02       1.428659555404e+11 
       2.981415562530e-02       1.448588318772e+11 
       2.995677474926e-02       1.468610835518e+11 
       3.009972052734e-02       1.488669641537e+11 
       3.024300095943e-02       1.508782269302e+11 
       3.038662427637e-02       1.528957941614e+11 
       3.053059894805e-02       1.549121414691e+11 
       3.067493369194e-02       1.569353117333e+11 
       3.081963748193e-02       1.589616016951e+11 
       3.096471955766e-02       1.609909350678e+11 
       3.111018943415e-02       1.630234910708e+11 
       3.125605691194e-02       1.650619698451e+11 
       3.140233208775e-02       1.670997846068e+11 
       3.154902536547e-02       1.691392360655e+11 
       3.169614746783e-02       1.711809313597e+11 
       3.184370944855e-02       1.732250966587e+11 
       3.199172270507e-02       1.752727829159e+11 
       3.214019899187e-02       1.773195168947e+11 
       3.228915043450e-02       1.793686334680e+11 
       3.243858954427e-02       1.814196255355e+11 
       3.258852923362e-02       1.834729603392e+11 
       3.273898283235e-02       1.855244892741e+11 
       3.288996410460e-02       1.875768043262e+11 
       3.304148726669e-02       1.896297963977e+11 
       3.319356700599e-02       1.916853353449e+11 
       3.334621850063e-02       1.937394626002e+11 
       3.349945744031e-02       1.957930600118e+11 
       3.365330004827e-02       1.978452079209e+11 
       3.380776310435e-02       1.998989618644e+11 
       3.396286396938e-02       2.019539065164e+11 
       3.411862061083e-02       2.040072671321e+11 
       3.427505162998e-02       2.060583277327e+11 
       3.443217629055e-02       2.081084189989e+11 
       3.459001454898e-02       2.101626992523e+11 
       3.474858708643e-02       2.122087956440e+11 
       3.490791534268e-02       2.142572443255e+11 
       3.506802155196e-02       2.163060443606e+11 
       3.522892878099e-02       2.183533791075e+11 
       3.539066096924e-02       2.203969787989e+11 
       3.555324297165e-02       2.224413066942e+11 
       3.571670060404e-02       2.244837417696e+11 
       3.588106069126e-02       2.265240583491e+11 
       3.604635111847e-02       2.285641340687e+11 
       3.621260088561e-02       2.306033689324e+11 
       3.637984016546e-02       2.326400762461e+11 
       3.654810036549e-02       2.346740361336e+11 
       3.671741419379e-02       2.367114687223e+11 
       3.688781572942e-02       2.387416596160e+11 
       3.705934049765e-02       2.407713713263e+11 
       3.723202555023e-02       2.428009409756e+11 
       3.740590955142e-02       2.448274384042e+11 
       3.758103287006e-02       2.468542752065e+11 
       3.775743767824e-02       2.488813342667e+11 
       3.793516805718e-02       2.509058192737e+11 
       3.811427011096e-02       2.529253141941e+11 
       3.829479208872e-02       2.549473636763e+11 
       3.847678451622e-02       2.569685741341e+11 
       3.866030033749e-02       2.589865163552e+11 
       3.884539506765e-02       2.610026283831e+11 
       3.903212695780e-02       2.630229990888e+11 
       3.922055717329e-02       2.650391006683e+11 
       3.941074998658e-02       2.670560199465e+11 
       3.960277298617e-02       2.690708314618e+11 
       3.979669730323e-02       2.710878642451e+11 
       3.999259785769e-02       2.731081184564e+11 
       4.019055362587e-02       2.751222309373e+11 
       4.039064793189e-02       2.771413066492e+11 
       4.059296876547e-02       2.791594417601e+11 
       4.079760912889e-02       2.811726387549e+11 
       4.100466741648e-02       2.831973787759e+11 
       4.121424783023e-02       2.852210867920e+11 
       4.142646083574e-02       2.872419682547e+11 
       4.164142366316e-02       2.892671670168e+11 
       4.185926085861e-02       2.912983042248e+11 
       4.208010489205e-02       2.933308390248e+11 
       4.230409682879e-02       2.953637979138e+11 
       4.253138707251e-02       2.974015118768e+11 
       4.276213618907e-02       2.994479215040e+11 
       4.299651582176e-02       3.014934108470e+11 
       4.323470971014e-02       3.035499600415e+11 
       4.347691482675e-02       3.056046130612e+11 
       4.372334264809e-02       3.076710741443e+11 
       4.397422057899e-02       3.097423880550e+11 
       4.422979355281e-02       3.118221476523e+11 
       4.449032583360e-02       3.139084433931e+11 
       4.475610305095e-02       3.160094398957e+11 
       4.502743450392e-02       3.181122812765e+11 
       4.530465577670e-02       3.202291916549e+11 
       4.558813171716e-02       3.223593051144e+11 
       4.587825983858e-02       3.245036963163e+11 
       4.617547421737e-02       3.266534852131e+11 
       4.648024997343e-02       3.288218602470e+11 
       4.679310843808e-02       3.310064177068e+11 
       4.711462313633e-02       3.332023726934e+11 
       4.744542673739e-02       3.354087854807e+11 
       4.778621916136e-02       3.376513843319e+11 
       4.813777707216e-02       3.399034326838e+11 
       4.850096504009e-02       3.421697512540e+11 
       4.887674872396e-02       3.444526271474e+11 
       4.926621050739e-02       3.467646106364e+11 
       4.967056813086e-02       3.491022776853e+11 
       5.009119699740e-02       3.514594881731e+11 
       5.052965700323e-02       3.538400860791e+11 
       5.098772496582e-02       3.562417746414e+11 
       5.146743400368e-02       3.586731218655e+11 
       5.197112157935e-02       3.611308821415e+11 
       5.250148836656e-02       3.635967766741e+11 
       5.306167065974e-02       3.660852003864e+11 
       5.365532971666e-02       3.685807591809e+11 
       5.428676219783e-02       3.710658796681e+11 
       5.496103667412e-02       3.735415052032e+11 
       5.568416183560e-02       3.759789206983e+11 
       5.646329214182e-02       3.783580264520e+11 
       5.730697534224e-02       3.806336528308e+11 
       5.822544184811e-02       3.827507622220e+11 
       5.923092511134e-02       3.846256043764e+11 
       6.033797923528e-02       3.861057540280e+11 
       6.156371593776e-02       3.870843687609e+11 
       6.292780625486e-02       3.872735627489e+11 
       6.445197707174e-02       3.863456863107e+11 
       6.615860368697e-02       3.838880467120e+11 
       6.806796606510e-02       3.793695371744e+11 
       7.019404110131e-02       3.721616722161e+11 
       7.253961323704e-02       3.617625213190e+11 
       7.509278884846e-02       3.478343708249e+11 
       7.782744545750e-02       3.304674312162e+11 
       8.070834073462e-02       3.101982311154e+11 
       8.369850861787e-02       2.879755440205e+11 
       8.676533509153e-02       2.649037412918e+11 
       8.988341099316e-02       2.420712962434e+11 
       9.303459742784e-02       2.203633908463e+11 
       9.620668979996e-02       2.003872578992e+11 
       9.939178833790e-02       1.824673470184e+11 
       1.025849043454e-01       1.666750471914e+11 
       1.057829356857e-01       1.528919385812e+11 
       1.089839715757e-01       1.408752382979e+11 
       1.121868418082e-01       1.303068021123e+11 
       1.153908321555e-01       1.208690710275e+11 
       1.185955075215e-01       1.122515735101e+11 
       1.218006030900e-01       1.041938537342e+11 
       1.250059577098e-01       9.650721911312e+10 
       1.282114732662e-01       8.906475743260e+10 
       1.314170899543e-01       8.180775717931e+10 
       1.346227712481e-01       7.475387683734e+10 
       1.378284947693e-01       6.794712613201e+10 
       1.410342467426e-01       6.145474902198e+10 
       1.442400186290e-01       5.535577575166e+10 
       1.474458050812e-01       4.971539587995e+10 
       1.506516027019e-01       4.458456097075e+10 
       1.538574092887e-01       3.998427775896e+10 
       1.570632233756e-01       3.591197351484e+10 
       1.602690439531e-01       3.234452999711e+10 
       1.634748702978e-01       2.923838791543e+10 
       1.666807018681e-01       2.654314229205e+10 
       1.698865382403e-01       2.419858459050e+10 
       1.730923790691e-01       2.214800019674e+10 
       1.762982240628e-01       2.033388105864e+10 
       1.795040729681e-01       1.870873434141e+10 
       1.827099255602e-01       1.723139383771e+10 
       1.859157816363e-01       1.587156867837e+10 
       1.891216410114e-01       1.460265636721e+10 
       1.923275035154e-01       1.340696591082e+10 
       1.955333689907e-01       1.227691353720e+10 
       1.987392372909e-01       1.120984111072e+10 
       2.019451082797e-01       1.020677592125e+10 
       2.051509818295e-01       9.271402696761e+09 
       2.083568578208e-01       8.407156943265e+09 
       2.115627361416e-01       7.616035824250e+09 
       2.147686166867e-01       6.898553066024e+09 
       2.179744993572e-01       6.252903733694e+09 
       2.211803840600e-01       5.675302140214e+09 
       2.243862707073e-01       5.161677822842e+09 
       2.275921592163e-01       4.705578467146e+09 
       2.307980495089e-01       4.301419682582e+09 
       2.340039415114e-01       3.942312830013e+09 
       2.372098351538e-01       3.622084117359e+09 
       2.404157303703e-01       3.334585686156e+09 
       2.436216270981e-01       3.074413726669e+09 
       2.468275252781e-01       2.836664763589e+09 
       2.500334248541e-01       2.617932710468e+09 
       2.532393257727e-01       2.414924397366e+09 
       2.564452279831e-01       2.225796103430e+09 
       2.596511314374e-01       2.049301576077e+09 
       2.628570360896e-01       1.884418743418e+09 
       2.660629418963e-01       1.730645336325e+09 
       2.692688488160e-01       1.587666035040e+09 
       2.724747568091e-01       1.455268137946e+09 
       2.756806658379e-01       1.333325693917e+09 
       2.788865758666e-01       1.221595191942e+09 
       2.820924868609e-01       1.119711508490e+09 
       2.852983987880e-01       1.027227863195e+09 
       2.885043116167e-01       9.435459699886e+08 
       2.917102253170e-01       8.679257981659e+08 
       2.949161398605e-01       7.996271324465e+08 
       2.981220552197e-01       7.378094901599e+08 
       3.013279713685e-01       6.817314845551e+08 
       3.045338882818e-01       6.306455792995e+08 
       3.077398059356e-01       5.839387879508e+08 
       3.109457243069e-01       5.410276428089e+08 
       3.141516433736e-01       5.014210695744e+08 
       3.173575631145e-01       4.647832150362e+08 
       3.205634835093e-01       4.307267600171e+08 
       3.237694045384e-01       3.989999697816e+08 
       3.269753261832e-01       3.694693664037e+08 
       3.301812484256e-01       3.419492391012e+08 
       3.333871712482e-01       3.163554883808e+08 
       3.365930946345e-01       2.926044896308e+08 
       3.397990185684e-01       2.706172362414e+08 
       3.430049430344e-01       2.503008732774e+08 
       3.462108680178e-01       2.315896223197e+08 
       3.494167935041e-01       2.143819314535e+08 
       3.526227194797e-01       1.985775790506e+08 
       3.558286459312e-01       1.840712545965e+08 
       3.590345728459e-01       1.707736905040e+08 
       3.622405002114e-01       1.585695169206e+08 
       3.654464280157e-01       1.473605664842e+08 
       3.686523562474e-01       1.370500864295e+08 
       3.718582848954e-01       1.275374890258e+08 
       3.750642139489e-01       1.187430004834e+08 
       3.782701433976e-01       1.105828752393e+08 
       3.814760732315e-01       1.030075720475e+08 
       3.846820034410e-01       9.596452226136e+07 
       3.878879340166e-01       8.940103228713e+07 
       3.910938649493e-01       8.328902797365e+07 
       3.942997962305e-01       7.758890576830e+07 
       3.975057278515e-01       7.227977345320e+07 
       4.007116598043e-01       6.733092678914e+07 
       4.039175920809e-01       6.272483811661e+07 
       4.071235246736e-01       5.844290649955e+07 
       4.103294575750e-01       5.446577158442e+07 
       4.135353907778e-01       5.077729877422e+07 
       4.167413242752e-01       4.735520649735e+07 
       4.199472580603e-01       4.418176528276e+07 
       4.231531921265e-01       4.124051539280e+07 
       4.263591264675e-01       3.851264286579e+07 
       4.295650610771e-01       3.598143789717e+07 
       4.327709959494e-01       3.363143933368e+07 
       4.359769310785e-01       3.144870521904e+07 
       4.391828664587e-01       2.941874015176e+07 
       4.423888020846e-01       2.752808853212e+07 
       4.455947379509e-01       2.576736417686e+07 
       4.488006740524e-01       2.412569490829e+07 
       4.520066103840e-01       2.259071967829e+07 
       4.552125469409e-01       2.115659756517e+07 
       4.584184837184e-01       1.981594430379e+07 
       4.616244207118e-01       1.856233198710e+07 
       4.648303579167e-01       1.739016215577e+07 
       4.680362953287e-01       1.629426181111e+07 
       4.712422329435e-01       1.526976836844e+07 
       4.744481707570e-01       1.431215150208e+07 
       4.776541087653e-01       1.341774999628e+07 
       4.808600469643e-01       1.258167006137e+07 
       4.840659853504e-01       1.180080967613e+07 
       4.872719239197e-01       1.107188513751e+07 
       4.904778626688e-01       1.039142194290e+07 
       4.936838015940e-01       9.756140760711e+06 
       4.968897406920e-01       9.162703451031e+06 
       5.000956799594e-01       8.608024557060e+06 
       5.033016193930e-01       8.089202407963e+06 
       5.065075589896e-01       7.603523010118e+06 
       5.097134987461e-01       7.148811955228e+06 
       5.129194386596e-01       6.722717250196e+06 
       5.161253787270e-01       6.323267021371e+06 
       5.193313189456e-01       5.948700450400e+06 
       5.225372593125e-01       5.597232622529e+06 
       5.257431998250e-01       5.267328862612e+06 
       5.289491404804e-01       4.957568566934e+06 
       5.321550812763e-01       4.666704985109e+06 
       5.353610222099e-01       4.393621968243e+06 
       5.385669632789e-01       4.137280544517e+06 
       5.417729044809e-01       3.896690075558e+06 
       5.449788458135e-01       3.670871972330e+06 
       5.481847872744e-01       3.458903953245e+06 
       5.513907288614e-01       3.259890445384e+06 
       5.545966705722e-01       3.072982133848e+06 
       5.578026124048e-01       2.897425471323e+06 
       5.610085543570e-01       2.732502467389e+06 
       5.642144964267e-01       2.577550785831e+06 
       5.912890586294e-01       1.586955264346e+06 
       6.218764266666e-01       9.308958396771e+05 
       6.572237816308e-01       5.124243498273e+05 
       6.993581361202e-01       2.577195032784e+05 
       7.518222168467e-01       1.135103311585e+05 
       8.213610621629e-01       4.052876429225e+04 
       9.218987684958e-01       1.013136941564e+04 
       1.081607108914e+00       1.361530027660e+03 
       1.334354070666e+00       1.144366198702e+02 
       1.677592721628e+00       2.341419094472e+01 
       2.111925029177e+00       1.196390979911e+01 
       2.658755956604e+00       6.733642704076e+00 
       3.347175437468e+00       3.800975593329e+00 
       4.213844215962e+00       2.129570384478e+00 
       5.304915564817e+00       1.186184549064e+00 
