# Matter power spectrum P(k) at redshift z=0
# for k=9.45519e-06 to 4.88563 h/Mpc,
# number of wavenumbers equal to 541
#    1:k (h/Mpc)              2:P (Mpc/h)^3        
       9.455192010363e-06       7.127008644033e+01 
       2.234158622249e-05       1.635572772331e+02 
       3.527066529956e-05       2.542333016524e+02 
       4.827723781515e-05       3.442910850092e+02 
       6.139666499549e-05       4.342844039713e+02 
       7.466517628781e-05       5.246270441414e+02 
       8.812019471291e-05       6.156731768749e+02 
       1.018006763447e-04       7.077496658809e+02 
       1.157474682911e-04       8.011724551545e+02 
       1.300036895863e-04       8.962564364629e+02 
       1.446151394120e-04       9.933222816686e+02 
       1.596307370127e-04       1.092701753026e+03 
       1.751029975032e-04       1.194742238150e+03 
       1.910885474059e-04       1.299810880706e+03 
       2.076486831260e-04       1.408298539882e+03 
       2.248499745170e-04       1.520623688956e+03 
       2.427649140670e-04       1.637236323032e+03 
       2.614726098129e-04       1.758621875106e+03 
       2.810595166024e-04       1.885305124817e+03 
       3.016201954446e-04       2.017854016465e+03 
       3.232580840366e-04       2.156883259864e+03 
       3.460862527264e-04       2.303057531183e+03 
       3.702281087796e-04       2.457094028648e+03 
       3.958179976009e-04       2.619764025532e+03 
       4.230016325059e-04       2.791893000852e+03 
       4.519362652553e-04       2.974358722312e+03 
       4.827904891329e-04       3.168086671064e+03 
       5.157435473685e-04       3.374041990314e+03 
       5.509840061911e-04       3.593217280936e+03 
       5.887076495528e-04       3.826615723287e+03 
       6.291144689382e-04       4.075228837184e+03 
       6.724046646742e-04       4.340009257889e+03 
       7.187736514274e-04       4.621837068857e+03 
       7.684061722722e-04       4.921481679653e+03 
       8.214697667204e-04       5.239558979712e+03 
       8.781079908381e-04       5.576489252344e+03 
       9.384339226207e-04       5.932464038148e+03 
       1.002524566269e-03       6.307421938419e+03 
       1.070416760607e-03       6.701050484863e+03 
       1.142105081033e-03       7.112774504421e+03 
       1.217542009533e-03       7.541761748722e+03 
       1.296640371287e-03       7.986902485257e+03 
       1.379277757546e-03       8.446786733191e+03 
       1.465302432732e-03       8.919864053451e+03 
       1.554540101392e-03       9.404541190256e+03 
       1.646800900088e-03       9.899420430184e+03 
       1.741886063840e-03       1.040331620889e+04 
       1.839593860786e-03       1.091509123808e+04 
       1.939724552309e-03       1.143366293675e+04 
       2.042084286513e-03       1.195786315540e+04 
       2.146487950747e-03       1.248645759362e+04 
       2.252761087388e-03       1.301829863872e+04 
       2.360741018863e-03       1.355233397863e+04 
       2.470277340923e-03       1.408997364455e+04 
       2.581231936627e-03       1.464659561602e+04 
       2.693478645654e-03       1.524218301189e+04 
       2.806902700961e-03       1.589622302253e+04 
       2.921400021504e-03       1.662807435552e+04 
       3.036876428482e-03       1.745883348254e+04 
       3.153246834312e-03       1.846210380096e+04 
       3.270434438777e-03       1.978442251921e+04 
       3.388369955272e-03       2.159889934986e+04 
       3.506990881390e-03       2.412483954959e+04 
       3.626240821706e-03       2.766390795030e+04 
       3.746068866202e-03       3.265574152588e+04 
       3.866429024611e-03       3.973213725040e+04 
       3.987279715026e-03       4.960682715055e+04 
       4.108583303819e-03       6.318316549421e+04 
       4.230305693249e-03       8.167551705264e+04 
       4.352415952818e-03       1.066772878639e+05 
       4.474885990356e-03       1.402335808887e+05 
       4.597690258950e-03       1.849119825756e+05 
       4.720805496003e-03       2.438583290120e+05 
       4.844210491008e-03       3.208733832665e+05 
       4.967885878877e-03       4.207877298496e+05 
       5.091813955973e-03       5.496097862020e+05 
       5.215978516298e-03       7.146225401495e+05 
       5.340364705510e-03       9.245566071547e+05 
       5.464958890760e-03       1.189759274582e+06 
       5.589748544514e-03       1.522349882907e+06 
       5.714722140761e-03       1.936350967357e+06 
       5.839869062197e-03       2.447783225040e+06 
       5.965179517122e-03       3.074709666019e+06 
       6.090644464958e-03       3.837480268261e+06 
       6.216255549408e-03       4.759876521419e+06 
       6.342005038399e-03       5.869134223061e+06 
       6.467885770066e-03       7.196071236573e+06 
       6.593891104092e-03       8.775407560588e+06 
       6.720014877835e-03       1.064610590211e+07 
       6.846251366710e-03       1.285172031711e+07 
       6.972595248376e-03       1.544076253123e+07 
       7.099041570324e-03       1.846707818749e+07 
       7.225585720499e-03       2.199023373423e+07 
       7.352223400654e-03       2.607591860711e+07 
       7.478950602137e-03       3.079635532081e+07 
       7.605763583876e-03       3.623067668145e+07 
       7.732658852337e-03       4.246490298059e+07 
       7.859633143250e-03       4.959231066515e+07 
       7.986683404942e-03       5.771388970465e+07 
       8.113806783105e-03       6.693872046983e+07 
       8.241000606869e-03       7.738424437165e+07 
       8.368262376056e-03       8.917652690782e+07 
       8.495589749503e-03       1.024506033864e+08 
       8.622980534339e-03       1.173506275299e+08 
       8.750432676157e-03       1.340302539963e+08 
       8.877944249972e-03       1.526526393559e+08 
       9.005513451907e-03       1.733908492658e+08 
       9.133138591538e-03       1.964278044695e+08 
       9.260818084847e-03       2.219566052913e+08 
       9.388550447713e-03       2.501805745524e+08 
       9.516334289916e-03       2.813130821887e+08 
       9.644168309591e-03       3.155786903868e+08 
       9.772051288110e-03       3.532130615510e+08 
       9.899982085339e-03       3.944629124513e+08 
       1.002795963526e-02       4.395858024211e+08 
       1.015598294190e-02       4.888501506436e+08 
       1.028405107559e-02       5.425352043119e+08 
       1.041216316944e-02       6.009316180114e+08 
       1.054031841614e-02       6.643404612039e+08 
       1.066851606493e-02       7.330732984346e+08 
       1.079675541885e-02       8.074524153188e+08 
       1.092503583208e-02       8.878118997399e+08 
       1.105335670760e-02       9.744942268021e+08 
       1.118171749493e-02       1.067853191675e+09 
       1.131011768803e-02       1.168252290357e+09 
       1.143855682339e-02       1.276064655590e+09 
       1.156703447823e-02       1.391672970504e+09 
       1.169555026881e-02       1.515468883830e+09 
       1.182410384889e-02       1.647853587767e+09 
       1.195269490826e-02       1.789236129664e+09 
       1.208132317142e-02       1.940033655328e+09 
       1.220998839630e-02       2.100670150300e+09 
       1.233869037314e-02       2.271577999934e+09 
       1.246742892336e-02       2.453194917554e+09 
       1.259620389855e-02       2.645966875360e+09 
       1.272501517961e-02       2.850343329569e+09 
       1.285386267581e-02       3.066779422497e+09 
       1.298274632401e-02       3.295738962768e+09 
       1.311166608794e-02       3.537685354991e+09 
       1.324062195749e-02       3.793088965467e+09 
       1.336961394808e-02       4.062421821694e+09 
       1.349864210011e-02       4.346158944062e+09 
       1.362770647836e-02       4.644779349504e+09 
       1.375680717156e-02       4.958764733374e+09 
       1.388594429192e-02       5.288592675873e+09 
       1.401511797469e-02       5.634747448386e+09 
       1.414432837784e-02       5.997710566847e+09 
       1.427357568169e-02       6.377962443619e+09 
       1.440286008862e-02       6.775985696755e+09 
       1.453218182278e-02       7.192254884634e+09 
       1.466154112989e-02       7.627254035787e+09 
       1.479093827699e-02       8.081516632016e+09 
       1.492037355229e-02       8.555316859431e+09 
       1.504984726501e-02       9.049499783225e+09 
       1.517935974523e-02       9.563936512562e+09 
       1.530891134381e-02       1.009959826873e+10 
       1.543850243231e-02       1.065679303774e+10 
       1.556813340294e-02       1.123592229541e+10 
       1.569780466849e-02       1.183747046533e+10 
       1.582751666237e-02       1.246186015571e+10 
       1.595726983859e-02       1.310949687716e+10 
       1.608706467180e-02       1.378102846462e+10 
       1.621690165733e-02       1.447625312669e+10 
       1.634678131127e-02       1.519638801865e+10 
       1.647670417056e-02       1.594120569049e+10 
       1.660667079310e-02       1.671130055031e+10 
       1.673668175786e-02       1.750684099632e+10 
       1.686673766504e-02       1.832859205039e+10 
       1.699683913621e-02       1.917671270871e+10 
       1.712698681451e-02       2.005153929247e+10 
       1.725718136487e-02       2.095341485138e+10 
       1.738742347415e-02       2.188265212267e+10 
       1.751771385142e-02       2.283952387489e+10 
       1.764805322823e-02       2.382437401746e+10 
       1.777844235881e-02       2.483745332546e+10 
       1.790888202039e-02       2.587906138643e+10 
       1.803937301349e-02       2.694939903644e+10 
       1.816991616224e-02       2.804900248582e+10 
       1.830051231469e-02       2.917736984661e+10 
       1.843116234318e-02       3.033563626416e+10 
       1.856186714467e-02       3.152309471833e+10 
       1.869262764116e-02       3.274087067283e+10 
       1.882344478007e-02       3.398813700137e+10 
       1.895431953464e-02       3.526583232790e+10 
       1.908525290439e-02       3.657382435706e+10 
       1.921624591553e-02       3.791226847384e+10 
       1.934729962148e-02       3.928122751458e+10 
       1.947841510330e-02       4.068083288478e+10 
       1.960959347024e-02       4.211118574994e+10 
       1.974083586023e-02       4.357234423175e+10 
       1.987214344042e-02       4.506432516483e+10 
       2.000351740779e-02       4.658745633568e+10 
       2.013495898964e-02       4.814100529760e+10 
       2.026646944428e-02       4.972599836551e+10 
       2.039805006160e-02       5.134131958462e+10 
       2.052970216372e-02       5.298783912773e+10 
       2.066142710566e-02       5.466521403628e+10 
       2.079322627600e-02       5.637340663027e+10 
       2.092510109763e-02       5.811240394999e+10 
       2.105705302845e-02       5.988195801032e+10 
       2.118908356212e-02       6.168214010644e+10 
       2.132119422885e-02       6.351275365784e+10 
       2.145338659619e-02       6.537386269123e+10 
       2.158566226987e-02       6.726524274430e+10 
       2.171802289465e-02       6.918630377490e+10 
       2.185047015521e-02       7.113743811107e+10 
       2.198300577702e-02       7.311869811661e+10 
       2.211563152732e-02       7.512890403695e+10 
       2.224834921606e-02       7.716870583948e+10 
       2.238116069693e-02       7.923801520258e+10 
       2.251406786832e-02       8.133557263536e+10 
       2.264707267446e-02       8.346211163742e+10 
       2.278017710646e-02       8.561744982156e+10 
       2.291338320344e-02       8.780024953953e+10 
       2.304669305371e-02       9.001133081065e+10 
       2.318010879598e-02       9.224998735397e+10 
       2.331363262055e-02       9.451604549685e+10 
       2.344726677063e-02       9.680941267465e+10 
       2.358101354361e-02       9.912898060962e+10 
       2.371487529249e-02       1.014752296119e+11 
       2.384885442720e-02       1.038474478632e+11 
       2.398295341608e-02       1.062457232868e+11 
       2.411717478737e-02       1.086691662674e+11 
       2.425152113078e-02       1.111175040958e+11 
       2.438599509900e-02       1.135907108816e+11 
       2.452059940941e-02       1.160880385382e+11 
       2.465533684574e-02       1.186099685806e+11 
       2.479021025983e-02       1.211550058622e+11 
       2.492522257344e-02       1.237225412986e+11 
       2.506037678007e-02       1.263142561699e+11 
       2.519567594697e-02       1.289269519322e+11 
       2.533112321703e-02       1.315621636445e+11 
       2.546672181093e-02       1.342192109270e+11 
       2.560247502920e-02       1.368971289084e+11 
       2.573838625445e-02       1.395958041816e+11 
       2.587445895361e-02       1.423145547973e+11 
       2.601069668034e-02       1.450534997842e+11 
       2.614710307740e-02       1.478115650941e+11 
       2.628368187918e-02       1.505891836220e+11 
       2.642043691432e-02       1.533845795669e+11 
       2.655737210840e-02       1.561980039243e+11 
       2.669449148669e-02       1.590303913620e+11 
       2.683179917711e-02       1.618787554137e+11 
       2.696929941314e-02       1.647438915248e+11 
       2.710699653695e-02       1.676261192895e+11 
       2.724489500265e-02       1.705237526263e+11 
       2.738299937954e-02       1.734362272921e+11 
       2.752131435561e-02       1.763648718169e+11 
       2.765984474110e-02       1.793074855852e+11 
       2.779859547221e-02       1.822637180657e+11 
       2.793757161492e-02       1.852339405365e+11 
       2.807677836906e-02       1.882174355622e+11 
       2.821622107234e-02       1.912139769840e+11 
       2.835590520474e-02       1.942225220753e+11 
       2.849583639296e-02       1.972425336558e+11 
       2.863602041504e-02       2.002741474512e+11 
       2.877646320518e-02       2.033169052524e+11 
       2.891717085879e-02       2.063703581888e+11 
       2.905814963767e-02       2.094336773739e+11 
       2.919940597544e-02       2.125065059240e+11 
       2.934094648319e-02       2.155883501607e+11 
       2.948277795535e-02       2.186799579538e+11 
       2.962490737578e-02       2.217797735995e+11 
       2.976734192416e-02       2.248866880023e+11 
       2.991008898262e-02       2.280010013135e+11 
       3.005315614262e-02       2.311237559258e+11 
       3.019655121220e-02       2.342529971008e+11 
       3.034028222345e-02       2.373879896793e+11 
       3.048435744035e-02       2.405301279478e+11 
       3.062878536699e-02       2.436768439154e+11 
       3.077357475605e-02       2.468291690436e+11 
       3.091873461774e-02       2.499859614754e+11 
       3.106427422914e-02       2.531474588141e+11 
       3.121020314387e-02       2.563130380959e+11 
       3.135653120232e-02       2.594829843304e+11 
       3.150326854230e-02       2.626562696003e+11 
       3.165042561013e-02       2.658313709283e+11 
       3.179801317233e-02       2.690104182344e+11 
       3.194604232784e-02       2.721921520607e+11 
       3.209452452081e-02       2.753759114070e+11 
       3.224347155398e-02       2.785606447859e+11 
       3.239289560279e-02       2.817467123826e+11 
       3.254280923008e-02       2.849343572147e+11 
       3.269322540163e-02       2.881239802345e+11 
       3.284415750238e-02       2.913136655642e+11 
       3.299561935351e-02       2.945026726333e+11 
       3.314762523044e-02       2.976932664083e+11 
       3.330018988165e-02       3.008834423107e+11 
       3.345332854860e-02       3.040739062765e+11 
       3.360705698661e-02       3.072627075987e+11 
       3.376139148691e-02       3.104506021450e+11 
       3.391634889983e-02       3.136374653723e+11 
       3.407194665929e-02       3.168239687960e+11 
       3.422820280862e-02       3.200103043303e+11 
       3.438513602784e-02       3.231914944340e+11 
       3.454276566238e-02       3.263735324091e+11 
       3.470111175360e-02       3.295524648251e+11 
       3.486019507086e-02       3.327296845437e+11 
       3.502003714567e-02       3.359048453528e+11 
       3.518066030763e-02       3.390771071768e+11 
       3.534208772270e-02       3.422473460143e+11 
       3.550434343365e-02       3.454146572329e+11 
       3.566745240300e-02       3.485807661745e+11 
       3.583144055866e-02       3.517415847607e+11 
       3.599633484233e-02       3.549009764416e+11 
       3.616216326100e-02       3.580580325292e+11 
       3.632895494180e-02       3.612108940758e+11 
       3.649674019024e-02       3.643606096351e+11 
       3.666555055248e-02       3.675087276415e+11 
       3.683541888153e-02       3.706524553787e+11 
       3.700637940806e-02       3.737952589525e+11 
       3.717846781590e-02       3.769333301877e+11 
       3.735172132290e-02       3.800689104902e+11 
       3.752617876730e-02       3.832003597304e+11 
       3.770188070034e-02       3.863303269239e+11 
       3.787886948544e-02       3.894558973831e+11 
       3.805718940471e-02       3.925811858350e+11 
       3.823688677323e-02       3.957023216428e+11 
       3.841801006198e-02       3.988217287366e+11 
       3.860061003010e-02       4.019372394787e+11 
       3.878473986735e-02       4.050531905294e+11 
       3.897045534773e-02       4.081661433619e+11 
       3.915781499539e-02       4.112776086766e+11 
       3.934688026386e-02       4.143851240000e+11 
       3.953771573002e-02       4.174960979237e+11 
       3.973038930423e-02       4.206011023279e+11 
       3.992497245829e-02       4.237058671648e+11 
       4.012154047297e-02       4.268115159919e+11 
       4.032017270720e-02       4.299172379153e+11 
       4.052095289126e-02       4.330217878641e+11 
       4.072396944641e-02       4.361271387351e+11 
       4.092931583400e-02       4.392336111745e+11 
       4.113709093727e-02       4.423421683756e+11 
       4.134739947949e-02       4.454519779818e+11 
       4.156035248274e-02       4.485620904235e+11 
       4.177606777200e-02       4.516787978371e+11 
       4.199467053001e-02       4.547967184579e+11 
       4.221629390909e-02       4.579169013508e+11 
       4.244107970686e-02       4.610431916321e+11 
       4.266917911417e-02       4.641750537742e+11 
       4.290075354430e-02       4.673112013358e+11 
       4.313597555424e-02       4.704540256549e+11 
       4.337502987039e-02       4.736050831062e+11 
       4.361811453300e-02       4.767635254933e+11 
       4.386544217575e-02       4.799299739788e+11 
       4.411724146012e-02       4.831073242456e+11 
       4.437375868673e-02       4.862950218422e+11 
       4.463525961030e-02       4.894928369505e+11 
       4.490203148917e-02       4.927054397364e+11 
       4.517438540595e-02       4.959313964114e+11 
       4.545265890250e-02       4.991721586971e+11 
       4.573721898073e-02       5.024291366915e+11 
       4.602846553015e-02       5.057022047848e+11 
       4.632683525552e-02       5.089939465174e+11 
       4.663280619220e-02       5.123070317805e+11 
       4.694690291497e-02       5.156428407692e+11 
       4.726970256846e-02       5.189985519215e+11 
       4.760184187441e-02       5.223792157546e+11 
       4.794402530564e-02       5.257878396313e+11 
       4.829703465914e-02       5.292207611480e+11 
       4.866174031437e-02       5.326842574607e+11 
       4.903911453051e-02       5.361792232882e+11 
       4.943024722153e-02       5.397050353404e+11 
       4.983636475670e-02       5.432592583951e+11 
       5.025885247130e-02       5.468504877410e+11 
       5.069928174835e-02       5.504736854954e+11 
       5.115944275527e-02       5.541319254334e+11 
       5.164138420476e-02       5.578177820660e+11 
       5.214746186990e-02       5.615365304802e+11 
       5.268039803817e-02       5.652769557786e+11 
       5.324335465133e-02       5.690366442481e+11 
       5.384002355698e-02       5.728016184136e+11 
       5.447473807519e-02       5.765591915697e+11 
       5.515261089300e-02       5.802846233124e+11 
       5.587970395282e-02       5.839531547615e+11 
       5.666323607834e-02       5.875104294785e+11 
       5.751183269472e-02       5.908937710092e+11 
       5.843581738909e-02       5.940094292024e+11 
       5.944753390144e-02       5.967223068649e+11 
       6.056166359273e-02       5.988425360537e+11 
       6.179545829151e-02       6.001006062777e+11 
       6.316873018132e-02       6.001197005395e+11 
       6.470332358353e-02       5.983804418084e+11 
       6.642166498666e-02       5.942028306274e+11 
       6.834396066030e-02       5.867541529308e+11 
       7.048393353693e-02       5.751172987120e+11 
       7.284392528363e-02       5.584751440721e+11 
       7.541149400343e-02       5.363729873188e+11 
       7.816002612784e-02       5.089778491117e+11 
       8.105399172721e-02       4.771810031464e+11 
       8.405637475491e-02       4.424573604998e+11 
       8.713467545111e-02       4.065482512123e+11 
       9.026366134696e-02       3.711290607299e+11 
       9.342536268032e-02       3.375531049861e+11 
       9.660770782281e-02       3.067387455571e+11 
       9.980289105257e-02       2.791556110003e+11 
       1.030059862409e-01       2.548911627202e+11 
       1.062139313829e-01       2.337407343251e+11 
       1.094248408777e-01       2.153137919399e+11 
       1.126375601123e-01       1.991217934921e+11 
       1.158513844389e-01       1.846538715306e+11 
       1.190658846190e-01       1.714379812197e+11 
       1.222807994081e-01       1.590746980735e+11 
       1.254959698294e-01       1.472689218104e+11 
       1.287112990914e-01       1.358359195991e+11 
       1.319267281942e-01       1.246991361380e+11 
       1.351422211020e-01       1.138707706690e+11 
       1.383577557351e-01       1.034277063106e+11 
       1.415733185008e-01       9.348118716957e+10 
       1.447889009719e-01       8.414854783853e+10 
       1.480044978698e-01       7.553154641297e+10 
       1.512201058398e-01       6.770037036668e+10 
       1.544357227064e-01       6.068760528214e+10 
       1.576513470203e-01       5.448740350779e+10 
       1.608669777831e-01       4.906014674204e+10 
       1.640826142787e-01       4.434093992531e+10 
       1.672982559705e-01       4.024753111811e+10 
       1.705139024383e-01       3.668985021841e+10 
       1.737295533393e-01       3.357749928893e+10 
       1.769452083841e-01       3.082503041737e+10 
       1.801608673210e-01       2.835754743212e+10 
       1.833765299265e-01       2.611396880784e+10 
       1.865921959990e-01       2.404802496670e+10 
       1.898078653547e-01       2.211794943207e+10 
       1.930235378243e-01       2.030003920403e+10 
       1.962392132511e-01       1.858181715540e+10 
       1.994548914896e-01       1.695968134621e+10 
       2.026705724040e-01       1.543609250172e+10 
       2.058862558674e-01       1.401595937807e+10 
       2.091019417612e-01       1.270449626060e+10 
       2.123176299737e-01       1.150494562845e+10 
       2.155333204003e-01       1.041770812827e+10 
       2.187490129427e-01       9.439881902541e+09 
       2.219647075081e-01       8.566269811086e+09 
       2.251804040093e-01       7.789328183665e+09 
       2.283961023638e-01       7.100371617235e+09 
       2.316118024940e-01       6.489734335569e+09 
       2.348275043264e-01       5.947543118819e+09 
       2.380432077915e-01       5.463986102090e+09 
       2.412589128237e-01       5.029837417245e+09 
       2.444746193606e-01       4.636802335719e+09 
       2.476903273434e-01       4.277745997503e+09 
       2.509060367160e-01       3.947022268831e+09 
       2.541217474254e-01       3.640317732393e+09 
       2.573374594212e-01       3.354587823021e+09 
       2.605531726553e-01       3.087791284122e+09 
       2.637688870823e-01       2.838609284286e+09 
       2.669846026588e-01       2.606274328066e+09 
       2.702003193435e-01       2.390324905692e+09 
       2.734160370971e-01       2.190456261195e+09 
       2.766317558821e-01       2.006407994468e+09 
       2.798474756627e-01       1.837840031982e+09 
       2.830631964048e-01       1.684237814607e+09 
       2.862789180759e-01       1.544870766948e+09 
       2.894946406447e-01       1.418817284361e+09 
       2.927103640816e-01       1.304991160101e+09 
       2.959260883581e-01       1.202163017574e+09 
       2.991418134470e-01       1.109136526226e+09 
       3.023575393222e-01       1.024719088272e+09 
       3.055732659587e-01       9.478422950025e+08 
       3.087889933327e-01       8.775304598858e+08 
       3.120047214213e-01       8.129490675979e+08 
       3.152204502024e-01       7.533710146257e+08 
       3.184361796550e-01       6.981904140248e+08 
       3.216519097588e-01       6.469271025347e+08 
       3.248676404944e-01       5.992005855097e+08 
       3.280833718431e-01       5.547275208901e+08 
       3.312991037870e-01       5.133188605385e+08 
       3.345148363089e-01       4.748088914817e+08 
       3.377305693921e-01       4.390834570584e+08 
       3.409463030207e-01       4.060211675764e+08 
       3.441620371793e-01       3.754918110489e+08 
       3.473777718532e-01       3.473719476504e+08 
       3.505935070281e-01       3.215125678323e+08 
       3.538092426903e-01       2.977646632328e+08 
       3.570249788266e-01       2.759847311634e+08 
       3.602407154241e-01       2.560149449692e+08 
       3.634564524707e-01       2.376971162711e+08 
       3.666721899544e-01       2.208765597424e+08 
       3.698879278638e-01       2.053988088318e+08 
       3.731036661879e-01       1.911221686755e+08 
       3.763194049159e-01       1.779196326523e+08 
       3.795351440375e-01       1.656807753428e+08 
       3.827508835429e-01       1.543104522895e+08 
       3.859666234223e-01       1.437378947970e+08 
       3.891823636665e-01       1.338918101902e+08 
       3.923981042664e-01       1.247186855617e+08 
       3.956138452133e-01       1.161698872672e+08 
       3.988295864989e-01       1.082061584610e+08 
       4.020453281149e-01       1.007856905093e+08 
       4.052610700534e-01       9.388011439647e+07 
       4.084768123069e-01       8.746065912048e+07 
       4.116925548678e-01       8.149980319649e+07 
       4.149082977291e-01       7.596845602312e+07 
       4.181240408837e-01       7.084234094780e+07 
       4.213397843250e-01       6.609002124050e+07 
       4.245555280463e-01       6.168425960383e+07 
       4.277712720414e-01       5.759908326098e+07 
       4.309870163041e-01       5.380905894078e+07 
       4.342027608284e-01       5.028960509294e+07 
       4.374185056085e-01       4.702120599250e+07 
       4.406342506389e-01       4.398255208053e+07 
       4.438499959140e-01       4.115423468583e+07 
       4.470657414285e-01       3.851845362039e+07 
       4.502814871774e-01       3.605982877010e+07 
       4.534972331555e-01       3.376361385029e+07 
       4.567129793582e-01       3.161767022633e+07 
       4.599287257805e-01       2.961140986622e+07 
       4.631444724179e-01       2.773559574420e+07 
       4.663602192661e-01       2.598181991364e+07 
       4.695759663205e-01       2.434232169773e+07 
       4.727917135770e-01       2.280981157111e+07 
       4.760074610315e-01       2.137750560725e+07 
       4.792232086800e-01       2.003912139925e+07 
       4.824389565186e-01       1.878888706446e+07 
       4.856547045435e-01       1.762144664968e+07 
       4.888704527511e-01       1.653165731086e+07 
       4.920862011376e-01       1.551442088782e+07 
       4.953019496997e-01       1.456479373583e+07 
       4.985176984338e-01       1.367782957315e+07 
       5.017334473368e-01       1.284882202353e+07 
       5.049491964054e-01       1.207345994052e+07 
       5.081649456363e-01       1.134773899070e+07 
       5.113806950266e-01       1.066812767572e+07 
       5.329945849380e-01       7.077920104928e+06 
       5.565935236757e-01       4.563274646707e+06 
       5.826684552346e-01       2.847736598374e+06 
       6.119253763592e-01       1.701529047584e+06 
       6.454256234786e-01       9.602239454521e+05 
       6.848543023308e-01       5.011539171711e+05 
       7.330734761259e-01       2.335249217647e+05 
       7.953563439468e-01       9.130204399846e+04 
       8.823041548711e-01       2.657241328853e+04 
       1.016096228228e+00       4.594835475387e+03 
       1.232836640703e+00       4.243755569882e+02 
       1.545139011687e+00       5.325486834679e+01 
       1.945003775466e+00       2.278107908109e+01 
       2.448613339751e+00       1.269598469319e+01 
       3.082621555727e+00       7.175801811011e+00 
       3.880790611449e+00       4.029419485875e+00 
       4.885625918605e+00       2.248729321606e+00 
